<!DOCTYPE HTML>
<html>
  <head>
    <meta charset="UTF-8">
    <title>TOMTOM</title>
    <script>
      // @JSON_VAR data
      var data = {
        "program": "Tomtom",
        "version": "5.0.3",
        "release": "Sun Dec 02 18:41:45 2018 -0800",
        "cmd": [
          "tomtom", "-dist", "ed", "-thresh", "0.05", "-oc",
          "Results/Arabidopsis_GenomeWide_Analysis_euclidean_v8_fixed/Motif_Analysis/tomtom",
          "Results/Arabidopsis_GenomeWide_Analysis_euclidean_v8_fixed/Motif_Analysis/filters_meme.txt",
          "/s/jawar/h/nobackup/fahad/MEME_SUITE/motif_databases/ARABD/ArabidopsisDAPv1.meme"
        ],
        "options": {
          "strands": "both",
          "distance_measure": "ed",
          "threshold_type": "qvalue",
          "threshold_value": 0.05,
          "background_source": "--query--"
        },
        "alphabet": {
          "name": "DNA",
          "like": "dna",
          "ncore": 4,
          "symbols": [
            {
              "symbol": "A",
              "name": "Adenine",
              "colour": "CC0000",
              "complement": "T"
            }, {
              "symbol": "C",
              "name": "Cytosine",
              "colour": "0000CC",
              "complement": "G"
            }, {
              "symbol": "G",
              "name": "Guanine",
              "colour": "FFB300",
              "complement": "C"
            }, {
              "symbol": "T",
              "aliases": "U",
              "name": "Thymine",
              "colour": "008000",
              "complement": "A"
            }, {
              "symbol": "N",
              "aliases": "X.",
              "name": "Any base",
              "equals": "ACGT"
            }, {
              "symbol": "V",
              "name": "Not T",
              "equals": "ACG"
            }, {
              "symbol": "H",
              "name": "Not G",
              "equals": "ACT"
            }, {
              "symbol": "D",
              "name": "Not C",
              "equals": "AGT"
            }, {
              "symbol": "B",
              "name": "Not A",
              "equals": "CGT"
            }, {
              "symbol": "M",
              "name": "Amino",
              "equals": "AC"
            }, {
              "symbol": "R",
              "name": "Purine",
              "equals": "AG"
            }, {
              "symbol": "W",
              "name": "Weak",
              "equals": "AT"
            }, {
              "symbol": "S",
              "name": "Strong",
              "equals": "CG"
            }, {
              "symbol": "Y",
              "name": "Pyrimidine",
              "equals": "CT"
            }, {
              "symbol": "K",
              "name": "Keto",
              "equals": "GT"
            }
          ]
        },
        "background": [0.25, 0.25, 0.25, 0.25],
        "query_dbs": [
          {
            "source": "Results/Arabidopsis_GenomeWide_Analysis_euclidean_v8_fixed/Motif_Analysis/filters_meme.txt",
            "name": "filters_meme.txt",
            "loaded": 200,
            "excluded": 0,
            "last_modified": "Mon Feb  8 04:15:47 2021"
          }
        ],
        "target_dbs": [
          {
            "source": "/s/jawar/h/nobackup/fahad/MEME_SUITE/motif_databases/ARABD/ArabidopsisDAPv1.meme",
            "name": "ArabidopsisDAPv1",
            "loaded": 872,
            "excluded": 0,
            "last_modified": "Tue Aug 28 14:58:40 2018"
          }
        ],
        "queries": [
          {
            "db": 0,
            "id": "filter0",
            "len": 13,
            "nsites": 7489,
            "pwm": [
              [0.031206, 0.133615, 0.000103347, 0.835076], 
              [0.2776, 0.712394, 0.000103337, 0.00990321], 
              [0.000103347, 0.000103347, 0.0439071, 0.955886], 
              [0.119302, 0.00190331, 0.878692, 0.000103337], 
              [0.131302, 0.00710324, 0.708494, 0.153101], 
              [0.336999, 0.026403, 0.107602, 0.528996], 
              [0.269973, 0.0805942, 0.20168, 0.447753], 
              [0.286928, 0.19522, 0.166018, 0.351834], 
              [0.292129, 0.183219, 0.174018, 0.350634], 
              [0.294899, 0.161901, 0.202101, 0.341099], 
              [0.304799, 0.176601, 0.186301, 0.332299], 
              [0.308399, 0.181901, 0.172601, 0.337099], 
              [0.310168, 0.168184, 0.180983, 0.340665]
            ]
          }, {
            "db": 0,
            "id": "filter1",
            "len": 13,
            "nsites": 13716,
            "pwm": [
              [0.000101812, 0.000101812, 0.192981, 0.806815], 
              [0.449899, 0.549898, 0.000101822, 0.000101822], 
              [0.791217, 0.000101812, 0.208379, 0.00030179], 
              [0.624535, 0.0651948, 0.262774, 0.0474967], 
              [0.120401, 0.3132, 0.458998, 0.107401], 
              [0.325499, 0.2242, 0.0799012, 0.370399], 
              [0.3019, 0.1944, 0.335899, 0.167801], 
              [0.342565, 0.176283, 0.166784, 0.314368], 
              [0.332366, 0.165584, 0.175583, 0.326467], 
              [0.328999, 0.164701, 0.1873, 0.318999], 
              [0.332899, 0.176101, 0.1849, 0.3061], 
              [0.334699, 0.174201, 0.172401, 0.318699], 
              [0.318999, 0.176701, 0.1843, 0.319999]
            ]
          }, {
            "db": 0,
            "id": "filter10",
            "len": 13,
            "nsites": 20145,
            "pwm": [
              [0.2649, 0.117301, 0.00290123, 0.614898], 
              [0.0132012, 0.0082012, 0.0751009, 0.903497], 
              [0.2483, 0.2599, 0.146101, 0.3457], 
              [0.3369, 0.0327011, 0.0107012, 0.619698], 
              [0.0078012, 0.0333011, 0.00020124, 0.958696], 
              [0.2012, 0.130701, 0.00020124, 0.667898], 
              [0.182419, 0.315431, 0.124513, 0.377637], 
              [0.2648, 0.143901, 0.143601, 0.447699], 
              [0.269027, 0.162117, 0.141815, 0.427042], 
              [0.276, 0.1514, 0.148101, 0.424499], 
              [0.2882, 0.15, 0.143401, 0.418399], 
              [0.3013, 0.1563, 0.144001, 0.398399], 
              [0.3062, 0.162, 0.147601, 0.384199]
            ]
          }, {
            "db": 0,
            "id": "filter100",
            "len": 13,
            "nsites": 4929,
            "pwm": [
              [0.0158048, 0.2358, 0.652892, 0.0955031], 
              [0.649492, 0.00490497, 0.170902, 0.174702], 
              [0.573693, 0.0420042, 0.0162047, 0.368098], 
              [0.0359043, 0.146602, 0.816888, 0.00060506], 
              [0.935286, 0.0229046, 0.0221046, 0.0197047], 
              [0.212001, 0.348498, 0.220201, 0.219301], 
              [0.328198, 0.456296, 0.0837034, 0.131802], 
              [0.370998, 0.179601, 0.178801, 0.2706], 
              [0.353933, 0.167418, 0.199521, 0.279127], 
              [0.336732, 0.173919, 0.219123, 0.270227], 
              [0.341798, 0.173702, 0.199101, 0.285399], 
              [0.316199, 0.186101, 0.201101, 0.296599], 
              [0.30953, 0.19222, 0.218923, 0.279327]
            ]
          }, {
            "db": 0,
            "id": "filter101",
            "len": 13,
            "nsites": 14403,
            "pwm": [
              [0.516598, 0.000101735, 0.368099, 0.115201], 
              [0.383799, 0.0766012, 0.2502, 0.2894], 
              [0.377761, 0.551043, 0.0710941, 0.000101725], 
              [0.921688, 0.0491063, 0.0258041, 0.00340205], 
              [0.045506, 0.261526, 0.00120185, 0.691766], 
              [0.2042, 0.3087, 0.166601, 0.3205], 
              [0.0605013, 0.2247, 0.000101735, 0.714697], 
              [0.3077, 0.164101, 0.176301, 0.351899], 
              [0.323599, 0.175101, 0.148201, 0.353099], 
              [0.335699, 0.167601, 0.156301, 0.340399], 
              [0.324899, 0.161901, 0.156301, 0.356899], 
              [0.332299, 0.165101, 0.155701, 0.346899], 
              [0.326499, 0.168001, 0.146001, 0.359499]
            ]
          }, {
            "db": 0,
            "id": "filter102",
            "len": 13,
            "nsites": 24163,
            "pwm": [
              [0.324167, 0.00340068, 0.0928914, 0.579541], 
              [0.282728, 1.03464e-06, 0.125913, 0.591358], 
              [0.1948, 0.016501, 0.1507, 0.637998], 
              [0.1374, 0.0405009, 0.0340009, 0.788098], 
              [0.10299, 0.110989, 0.00360066, 0.78242], 
              [0.2623, 0.0655008, 0.0406009, 0.631598], 
              [0.722898, 0.0243009, 0.0259009, 0.2269], 
              [0.3096, 0.1426, 0.1506, 0.397199], 
              [0.322867, 0.138687, 0.148786, 0.38966], 
              [0.3178, 0.1392, 0.1449, 0.398099], 
              [0.326132, 0.138614, 0.147215, 0.388038], 
              [0.3222, 0.1444, 0.1448, 0.388599], 
              [0.3393, 0.1401, 0.1469, 0.373699]
            ]
          }, {
            "db": 0,
            "id": "filter103",
            "len": 13,
            "nsites": 5083,
            "pwm": [
              [0.2481, 0.276399, 0.336498, 0.139002], 
              [0.8751, 0.00790397, 0.0866945, 0.0303013], 
              [0.556494, 0.00120489, 0.432496, 0.00980473], 
              [0.394097, 0.00770477, 0.593293, 0.00490482], 
              [0.450151, 0.0224022, 0.399257, 0.12819], 
              [0.587793, 0.00530481, 0.187301, 0.219601], 
              [0.75029, 0.00280486, 0.130502, 0.116403], 
              [0.400397, 0.143502, 0.184601, 0.2715], 
              [0.373698, 0.161402, 0.178301, 0.286599], 
              [0.375698, 0.141302, 0.179501, 0.303499], 
              [0.369598, 0.142902, 0.182801, 0.304699], 
              [0.363734, 0.158018, 0.181219, 0.297029], 
              [0.359334, 0.158218, 0.180319, 0.302129]
            ]
          }, {
            "db": 0,
            "id": "filter104",
            "len": 13,
            "nsites": 3428,
            "pwm": [
              [0.0789971, 0.835599, 0.0038068, 0.0815968], 
              [0.0152068, 0.00260722, 0.0746051, 0.907581], 
              [0.148903, 0.0195067, 0.0414061, 0.790184], 
              [0.0516058, 0.92478, 0.0233066, 0.000307284], 
              [0.111604, 0.297199, 0.116304, 0.474893], 
              [0.505543, 0.0507109, 0.110415, 0.333331], 
              [0.218501, 0.468794, 0.230201, 0.0825049], 
              [0.290199, 0.203701, 0.168702, 0.337397], 
              [0.275599, 0.204801, 0.173702, 0.345897], 
              [0.248, 0.276199, 0.169902, 0.305898], 
              [0.28847, 0.21068, 0.178884, 0.321966], 
              [0.270099, 0.209501, 0.182402, 0.337997], 
              [0.273599, 0.2573, 0.166402, 0.302698]
            ]
          }, {
            "db": 0,
            "id": "filter105",
            "len": 13,
            "nsites": 6527,
            "pwm": [
              [0.0670961, 0.0406991, 0.000203807, 0.892001], 
              [0.689293, 0.0084037, 0.102302, 0.200001], 
              [0.2742, 0.0239035, 0.0484031, 0.653494], 
              [0.101502, 0.0487031, 0.0384032, 0.811391], 
              [0.449997, 0.0170036, 0.0490031, 0.483996], 
              [0.188601, 0.0204035, 0.337599, 0.453397], 
              [0.175184, 0.106292, 0.136088, 0.582437], 
              [0.275127, 0.163818, 0.168018, 0.393037], 
              [0.282971, 0.165685, 0.151886, 0.399458], 
              [0.309899, 0.163201, 0.149602, 0.377298], 
              [0.31373, 0.171018, 0.153717, 0.361534], 
              [0.301469, 0.165685, 0.155586, 0.37726], 
              [0.310368, 0.169684, 0.157086, 0.362862]
            ]
          }, {
            "db": 0,
            "id": "filter106",
            "len": 13,
            "nsites": 4425,
            "pwm": [
              [0.282699, 0.408896, 0.029805, 0.278599], 
              [0.00250559, 0.0838038, 0.00970543, 0.903985], 
              [0.121503, 0.758589, 0.000905629, 0.119003], 
              [0.0936942, 0.0934942, 0.277272, 0.53554], 
              [0.419738, 0.154218, 0.0885125, 0.337532], 
              [0.0445046, 0.124603, 0.626991, 0.203901], 
              [0.146788, 0.310868, 0.227378, 0.314967], 
              [0.285399, 0.202301, 0.154702, 0.357598], 
              [0.276999, 0.213801, 0.175702, 0.333498], 
              [0.285199, 0.210201, 0.169102, 0.335498], 
              [0.292828, 0.204321, 0.165318, 0.337532], 
              [0.28787, 0.20928, 0.168685, 0.334165], 
              [0.291699, 0.217701, 0.170702, 0.319898]
            ]
          }, {
            "db": 0,
            "id": "filter107",
            "len": 13,
            "nsites": 20420,
            "pwm": [
              [0.166684, 0.160284, 0.0649944, 0.608037], 
              [0.2796, 0.0780008, 0.0317011, 0.610698], 
              [0.133001, 0.00390121, 0.0205011, 0.842597], 
              [0.2102, 0.0284011, 0.0138012, 0.747598], 
              [0.3494, 0.1554, 0.050901, 0.444299], 
              [0.3153, 0.0291011, 0.128101, 0.527499], 
              [0.652698, 0.0233011, 0.0604009, 0.2636], 
              [0.3128, 0.144101, 0.15, 0.393099], 
              [0.317068, 0.135987, 0.151585, 0.39536], 
              [0.316, 0.137901, 0.145601, 0.400499], 
              [0.3195, 0.143301, 0.1479, 0.389299], 
              [0.326632, 0.140015, 0.148915, 0.384438], 
              [0.3377, 0.138701, 0.1526, 0.370999]
            ]
          }, {
            "db": 0,
            "id": "filter108",
            "len": 13,
            "nsites": 7011,
            "pwm": [
              [0.000103564, 0.0043035, 0.993989, 0.00160354], 
              [0.581595, 0.00040356, 0.189501, 0.2285], 
              [0.424355, 0.500346, 0.00170337, 0.0735952], 
              [0.2597, 0.155701, 0.2536, 0.330999], 
              [0.19562, 0.152517, 0.113013, 0.53885], 
              [0.287099, 0.209601, 0.2654, 0.2379], 
              [0.461551, 0.0869936, 0.178183, 0.273272], 
              [0.304199, 0.187901, 0.195601, 0.312299], 
              [0.30863, 0.204421, 0.178019, 0.30893], 
              [0.318867, 0.173784, 0.20758, 0.299769], 
              [0.310199, 0.183501, 0.193401, 0.312899], 
              [0.296799, 0.204401, 0.197301, 0.301499], 
              [0.308099, 0.185701, 0.200101, 0.306099]
            ]
          }, {
            "db": 0,
            "id": "filter109",
            "len": 13,
            "nsites": 4160,
            "pwm": [
              [0.159202, 0.176302, 0.115003, 0.549493], 
              [0.0144057, 0.0238054, 0.885185, 0.0766042], 
              [0.609291, 0.0303053, 0.125803, 0.2346], 
              [0.00340559, 0.0621983, 0.912993, 0.0214034], 
              [0.525046, 0.133016, 0.272327, 0.0696113], 
              [0.258626, 0.0377089, 0.673657, 0.0300083], 
              [0.764111, 0.121991, 0.0847955, 0.0291024], 
              [0.329031, 0.154418, 0.262226, 0.254325], 
              [0.332598, 0.171702, 0.222901, 0.272799], 
              [0.302599, 0.197201, 0.221901, 0.278299], 
              [0.336232, 0.172419, 0.232924, 0.258426], 
              [0.327798, 0.163302, 0.2392, 0.2697], 
              [0.333798, 0.171202, 0.232, 0.263]
            ]
          }, {
            "db": 0,
            "id": "filter11",
            "len": 13,
            "nsites": 6893,
            "pwm": [
              [0.564995, 0.0954022, 0.211401, 0.128202], 
              [0.634431, 0.0245008, 0.156186, 0.184882], 
              [0.341999, 0.0287032, 0.2407, 0.388598], 
              [0.55674, 0.0125022, 0.0833941, 0.347364], 
              [0.737219, 0.0327999, 0.0248008, 0.20518], 
              [0.284499, 0.159301, 0.154401, 0.401798], 
              [0.2572, 0.2839, 0.115702, 0.343199], 
              [0.354198, 0.171801, 0.155601, 0.318399], 
              [0.351599, 0.159201, 0.167901, 0.321299], 
              [0.341465, 0.161385, 0.174884, 0.322267], 
              [0.348699, 0.169801, 0.163501, 0.317999], 
              [0.343199, 0.164301, 0.172501, 0.319999], 
              [0.347299, 0.167301, 0.169301, 0.316099]
            ]
          }, {
            "db": 0,
            "id": "filter110",
            "len": 13,
            "nsites": 6934,
            "pwm": [
              [0.0115046, 0.0310063, 0.266626, 0.690863], 
              [0.0208033, 0.0123034, 0.000103604, 0.96679], 
              [0.0595027, 0.0104035, 0.0248032, 0.905291], 
              [0.470344, 0.00040364, 0.0801105, 0.449142], 
              [0.738093, 0.0897023, 0.0484029, 0.123802], 
              [0.748018, 0.0473982, 0.00710279, 0.197481], 
              [0.133902, 0.101902, 0.100202, 0.663994], 
              [0.316199, 0.164501, 0.145302, 0.373998], 
              [0.337265, 0.147587, 0.142287, 0.372861], 
              [0.346364, 0.140987, 0.152086, 0.360562], 
              [0.348233, 0.145416, 0.138915, 0.367435], 
              [0.353099, 0.144002, 0.148601, 0.354298], 
              [0.357498, 0.142402, 0.155201, 0.344899]
            ]
          }, {
            "db": 0,
            "id": "filter111",
            "len": 13,
            "nsites": 2163,
            "pwm": [
              [0.436491, 0.378894, 0.0180107, 0.166604], 
              [0.429149, 0.223379, 0.195683, 0.151789], 
              [0.119106, 0.104307, 0.635882, 0.140705], 
              [0.0674084, 0.0360099, 0.834273, 0.0623087], 
              [0.0508092, 0.700479, 0.000911516, 0.2478], 
              [0.0235105, 0.855572, 0.00181147, 0.119106], 
              [0.401453, 0.200282, 0.372857, 0.0254078], 
              [0.331296, 0.200302, 0.206702, 0.261699], 
              [0.287969, 0.181385, 0.235777, 0.294868], 
              [0.2478, 0.174403, 0.269999, 0.307797], 
              [0.289798, 0.226601, 0.197502, 0.286098], 
              [0.287998, 0.206302, 0.203002, 0.302698], 
              [0.295298, 0.181803, 0.2589, 0.263999]
            ]
          }, {
            "db": 0,
            "id": "filter112",
            "len": 13,
            "nsites": 4744,
            "pwm": [
              [0.165302, 0.336798, 0.221401, 0.276499], 
              [0.0101051, 0.171002, 0.0230048, 0.795888], 
              [0.0539041, 0.00360519, 0.0887034, 0.853787], 
              [0.00860509, 0.437696, 0.543794, 0.00990506], 
              [0.404997, 0.0569041, 0.113703, 0.424396], 
              [0.112003, 0.335298, 0.2477, 0.304999], 
              [0.0305046, 0.70469, 0.138602, 0.126203], 
              [0.318867, 0.169985, 0.159886, 0.351263], 
              [0.281799, 0.188301, 0.186801, 0.343098], 
              [0.274399, 0.218001, 0.179001, 0.328598], 
              [0.28897, 0.185083, 0.203481, 0.322466], 
              [0.280971, 0.202381, 0.184283, 0.332365], 
              [0.276299, 0.218401, 0.190601, 0.314699]
            ]
          }, {
            "db": 0,
            "id": "filter113",
            "len": 13,
            "nsites": 2622,
            "pwm": [
              [0.679316, 0.154588, 0.0757991, 0.0902971], 
              [0.290198, 0.51099, 0.0461078, 0.152704], 
              [0.040708, 0.459292, 0.0061093, 0.493891], 
              [0.0126078, 0.670117, 0.00690858, 0.310367], 
              [0.0179089, 0.600887, 0.285199, 0.0960059], 
              [0.2586, 0.156504, 0.2616, 0.323297], 
              [0.0472125, 0.705653, 0.00530986, 0.241824], 
              [0.287099, 0.2369, 0.168303, 0.307698], 
              [0.324397, 0.205302, 0.174803, 0.295498], 
              [0.284799, 0.229201, 0.193502, 0.292498], 
              [0.285599, 0.217801, 0.190402, 0.306198], 
              [0.283699, 0.224701, 0.190402, 0.301198], 
              [0.283699, 0.228101, 0.167603, 0.320597]
            ]
          }, {
            "db": 0,
            "id": "filter114",
            "len": 13,
            "nsites": 2832,
            "pwm": [
              [0.819398, 0.100495, 0.0480023, 0.0321045], 
              [0.0684064, 0.321197, 0.00460866, 0.605787], 
              [0.901977, 0.0169082, 0.0532069, 0.0279078], 
              [0.0130084, 0.00990848, 0.00250874, 0.974574], 
              [0.858579, 0.00420868, 0.0949055, 0.0423073], 
              [0.0719063, 0.00460866, 0.162203, 0.761282], 
              [0.528243, 0.0102095, 0.269726, 0.191821], 
              [0.277171, 0.170686, 0.162187, 0.389956], 
              [0.384334, 0.16712, 0.153719, 0.294828], 
              [0.300828, 0.17982, 0.155119, 0.364232], 
              [0.357496, 0.170003, 0.174503, 0.297998], 
              [0.333597, 0.164303, 0.156203, 0.345897], 
              [0.361132, 0.17382, 0.154419, 0.310629]
            ]
          }, {
            "db": 0,
            "id": "filter115",
            "len": 13,
            "nsites": 10214,
            "pwm": [
              [0.535297, 0.047402, 0.000102447, 0.417198], 
              [0.000602442, 0.0728017, 0.000102447, 0.926493], 
              [0.0207022, 0.306099, 0.157301, 0.515897], 
              [0.0992114, 0.017704, 0.793274, 0.0898105], 
              [0.0568962, 0.129388, 0.29467, 0.519045], 
              [0.308499, 0.0628018, 0.175301, 0.453398], 
              [0.130288, 0.0296992, 0.546542, 0.29347], 
              [0.337099, 0.153701, 0.189601, 0.319599], 
              [0.314899, 0.166601, 0.176501, 0.341999], 
              [0.314399, 0.156301, 0.2041, 0.325199], 
              [0.325699, 0.161801, 0.179401, 0.333099], 
              [0.331299, 0.159801, 0.176901, 0.331999], 
              [0.323999, 0.151501, 0.194701, 0.329799]
            ]
          }, {
            "db": 0,
            "id": "filter116",
            "len": 13,
            "nsites": 7683,
            "pwm": [
              [0.0586966, 0.037499, 0.142987, 0.760817], 
              [0.000103253, 0.100302, 0.00030325, 0.899292], 
              [0.130902, 0.177301, 0.0345028, 0.657295], 
              [0.463397, 0.00590318, 0.000103253, 0.530596], 
              [0.182383, 0.00980215, 0.358763, 0.449053], 
              [0.199421, 0.256126, 0.0787101, 0.465744], 
              [0.395638, 0.203321, 0.243924, 0.157117], 
              [0.326499, 0.150601, 0.161101, 0.361799], 
              [0.324999, 0.167801, 0.145601, 0.361599], 
              [0.317699, 0.156101, 0.147101, 0.379098], 
              [0.345264, 0.139188, 0.154686, 0.360862], 
              [0.329399, 0.157901, 0.150401, 0.362299], 
              [0.344199, 0.149001, 0.156601, 0.350199]
            ]
          }, {
            "db": 0,
            "id": "filter117",
            "len": 13,
            "nsites": 4479,
            "pwm": [
              [0.161086, 0.426653, 0.213479, 0.198781], 
              [0.0321049, 0.534694, 0.414496, 0.0187052], 
              [0.187583, 0.339964, 0.0112042, 0.461249], 
              [0.000705496, 0.0123041, 0.0239027, 0.963088], 
              [0.0163068, 0.141617, 0.709361, 0.132716], 
              [0.189201, 0.0825037, 0.0216051, 0.70669], 
              [0.659391, 0.0219051, 0.0477045, 0.271], 
              [0.281099, 0.203901, 0.208301, 0.306699], 
              [0.299999, 0.2349, 0.166202, 0.298899], 
              [0.286399, 0.209501, 0.167702, 0.336398], 
              [0.286199, 0.196301, 0.208801, 0.308699], 
              [0.285971, 0.229777, 0.165485, 0.318767], 
              [0.291799, 0.202501, 0.174902, 0.330798]
            ]
          }, {
            "db": 0,
            "id": "filter118",
            "len": 13,
            "nsites": 10316,
            "pwm": [
              [0.487598, 0.0676018, 0.153901, 0.2909], 
              [0.489298, 0.123401, 0.0160023, 0.371299], 
              [0.0607018, 0.0157023, 0.2078, 0.715795], 
              [0.404058, 0.129288, 0.0154007, 0.451253], 
              [0.551442, 0.140787, 0.00330206, 0.304469], 
              [0.372362, 0.0137009, 0.0625956, 0.551342], 
              [0.444098, 0.2332, 0.0873016, 0.2354], 
              [0.324232, 0.166017, 0.170318, 0.339433], 
              [0.318667, 0.157785, 0.175783, 0.347764], 
              [0.314731, 0.174518, 0.170818, 0.339933], 
              [0.321699, 0.164101, 0.178601, 0.335599], 
              [0.310868, 0.169384, 0.174683, 0.345065], 
              [0.315499, 0.187801, 0.165301, 0.331399]
            ]
          }, {
            "db": 0,
            "id": "filter119",
            "len": 13,
            "nsites": 10916,
            "pwm": [
              [0.96169, 0.0126034, 0.000702354, 0.0250046], 
              [0.497298, 0.00290226, 0.100301, 0.399499], 
              [0.0536964, 0.439654, 0.0508967, 0.455753], 
              [0.2092, 0.2039, 0.119001, 0.467898], 
              [0.00110228, 0.461798, 0.2558, 0.2813], 
              [0.0612017, 0.441198, 0.2082, 0.2894], 
              [0.39166, 0.249275, 0.185982, 0.173083], 
              [0.340799, 0.184701, 0.190301, 0.2842], 
              [0.318331, 0.200721, 0.18992, 0.291029], 
              [0.327099, 0.184701, 0.2003, 0.2879], 
              [0.310831, 0.19532, 0.19852, 0.295329], 
              [0.301569, 0.199481, 0.20238, 0.29657], 
              [0.310268, 0.186282, 0.20118, 0.302269]
            ]
          }, {
            "db": 0,
            "id": "filter12",
            "len": 13,
            "nsites": 8847,
            "pwm": [
              [0.000202844, 0.000102835, 0.00210301, 0.997591], 
              [0.110802, 0.2131, 0.2809, 0.395198], 
              [0.058608, 0.000302852, 0.0437067, 0.897382], 
              [0.374399, 0.00590276, 0.2732, 0.346499], 
              [0.113302, 0.322399, 0.193001, 0.371299], 
              [0.251925, 0.233424, 0.0608082, 0.453843], 
              [0.396998, 0.141201, 0.0998017, 0.361999], 
              [0.2736, 0.2112, 0.177601, 0.337599], 
              [0.2758, 0.193401, 0.163901, 0.366899], 
              [0.2925, 0.192101, 0.169501, 0.345899], 
              [0.2879, 0.202801, 0.162801, 0.346499], 
              [0.287971, 0.20238, 0.166984, 0.342665], 
              [0.2925, 0.183401, 0.169601, 0.354499]
            ]
          }, {
            "db": 0,
            "id": "filter120",
            "len": 13,
            "nsites": 2144,
            "pwm": [
              [0.0098112, 0.0517092, 0.860772, 0.077708], 
              [0.509788, 0.00741131, 0.00701133, 0.475789], 
              [0.00371112, 0.666614, 0.28307, 0.0466048], 
              [0.077708, 0.283998, 0.0405098, 0.597784], 
              [0.0345066, 0.187584, 0.303067, 0.474842], 
              [0.122006, 0.0596089, 0.421292, 0.397093], 
              [0.0345066, 0.851387, 0.00471097, 0.109396], 
              [0.270472, 0.178785, 0.196483, 0.35426], 
              [0.2584, 0.216902, 0.184403, 0.340296], 
              [0.267699, 0.204802, 0.223001, 0.304497], 
              [0.286298, 0.199302, 0.217402, 0.296998], 
              [0.267726, 0.196922, 0.216923, 0.318429], 
              [0.282598, 0.214602, 0.194103, 0.308697]
            ]
          }, {
            "db": 0,
            "id": "filter121",
            "len": 13,
            "nsites": 3603,
            "pwm": [
              [0.101494, 0.0717978, 0.807804, 0.0189045], 
              [0.862983, 0.000806916, 0.0419058, 0.0943043], 
              [0.412295, 0.00800672, 0.440495, 0.139203], 
              [0.00220688, 0.880483, 0.0857046, 0.0316061], 
              [0.339598, 0.00440682, 0.00390683, 0.652089], 
              [0.0371059, 0.0424058, 0.0638052, 0.856683], 
              [0.130016, 0.327131, 0.330231, 0.212622], 
              [0.327665, 0.175784, 0.179384, 0.317166], 
              [0.290299, 0.183502, 0.180502, 0.345697], 
              [0.275599, 0.229601, 0.207901, 0.286899], 
              [0.325798, 0.178502, 0.197901, 0.297799], 
              [0.285799, 0.183302, 0.205401, 0.325498], 
              [0.267273, 0.214879, 0.215679, 0.302168]
            ]
          }, {
            "db": 0,
            "id": "filter122",
            "len": 13,
            "nsites": 5824,
            "pwm": [
              [0.150302, 0.000504284, 0.364298, 0.484896], 
              [0.364098, 0.0616032, 0.0513034, 0.522995], 
              [0.000204289, 0.26, 0.739492, 0.000304287], 
              [0.924881, 0.000204309, 0.0233062, 0.0516086], 
              [0.577594, 0.308999, 0.0103041, 0.103103], 
              [0.0957026, 0.390898, 0.507696, 0.00570419], 
              [0.585994, 0.073103, 0.0619032, 0.279], 
              [0.30953, 0.18532, 0.18652, 0.318631], 
              [0.293899, 0.192901, 0.2419, 0.2713], 
              [0.342798, 0.191301, 0.201801, 0.2641], 
              [0.310199, 0.200201, 0.188101, 0.301499], 
              [0.29477, 0.194581, 0.228578, 0.282071], 
              [0.309499, 0.196501, 0.208101, 0.285899]
            ]
          }, {
            "db": 0,
            "id": "filter123",
            "len": 13,
            "nsites": 1116,
            "pwm": [
              [0.240201, 0.0625168, 0.0366191, 0.660663], 
              [0.0134212, 0.0304197, 0.0500179, 0.906141], 
              [0.101813, 0.0437185, 0.664263, 0.190205], 
              [0.117, 0.48923, 0.0688094, 0.324961], 
              [0.0429143, 0.791872, 0.0170192, 0.148194], 
              [0.00802168, 0.0339194, 0.892842, 0.0652166], 
              [0.0259201, 0.0420186, 0.708859, 0.223202], 
              [0.263425, 0.233025, 0.181224, 0.322326], 
              [0.251775, 0.155393, 0.280369, 0.312463], 
              [0.283897, 0.227702, 0.193805, 0.294596], 
              [0.258925, 0.244625, 0.184824, 0.311626], 
              [0.295496, 0.175007, 0.2554, 0.274098], 
              [0.263399, 0.199105, 0.217003, 0.320494]
            ]
          }, {
            "db": 0,
            "id": "filter124",
            "len": 13,
            "nsites": 2419,
            "pwm": [
              [0.155204, 0.0103099, 0.831176, 0.0033102], 
              [0.00371018, 0.00251023, 0.810977, 0.182803], 
              [0.0227094, 0.0210095, 0.616185, 0.340096], 
              [0.633084, 0.181603, 0.0462084, 0.139105], 
              [0.149404, 0.639284, 0.0619078, 0.149404], 
              [0.681382, 0.147304, 0.0834069, 0.0879067], 
              [0.422635, 0.0392126, 0.118017, 0.420135], 
              [0.321497, 0.183703, 0.228601, 0.266199], 
              [0.307898, 0.194802, 0.190702, 0.306598], 
              [0.331397, 0.185703, 0.191502, 0.291398], 
              [0.304167, 0.197282, 0.190683, 0.307867], 
              [0.301698, 0.175003, 0.207202, 0.316097], 
              [0.301698, 0.177103, 0.208002, 0.313197]
            ]
          }, {
            "db": 0,
            "id": "filter125",
            "len": 13,
            "nsites": 8112,
            "pwm": [
              [0.807993, 0.0253028, 0.00200306, 0.164701], 
              [0.157201, 0.395798, 0.00160306, 0.445398], 
              [0.499047, 0.236824, 0.0936113, 0.170518], 
              [0.000503076, 0.0482025, 0.00210306, 0.949191], 
              [0.0384064, 0.00950391, 0.769271, 0.182819], 
              [0.0213028, 0.00420303, 0.0132029, 0.961291], 
              [0.2203, 0.205401, 0.183601, 0.390698], 
              [0.302469, 0.142587, 0.159685, 0.395259], 
              [0.333666, 0.161185, 0.152386, 0.352763], 
              [0.311468, 0.153186, 0.156086, 0.37926], 
              [0.327599, 0.152701, 0.160901, 0.358799], 
              [0.323431, 0.146016, 0.155117, 0.375436], 
              [0.323331, 0.160417, 0.147216, 0.369035]
            ]
          }, {
            "db": 0,
            "id": "filter126",
            "len": 13,
            "nsites": 4373,
            "pwm": [
              [0.492344, 0.0324082, 0.457841, 0.0174071], 
              [0.532994, 0.107403, 0.0368049, 0.322798], 
              [0.522294, 0.106003, 0.0050056, 0.366697], 
              [0.149617, 0.0260077, 0.00910642, 0.815269], 
              [0.537093, 0.0450047, 0.0505046, 0.367397], 
              [0.0848038, 0.0105055, 0.151002, 0.753688], 
              [0.0592044, 0.00570559, 0.138903, 0.796188], 
              [0.280299, 0.155802, 0.180502, 0.383397], 
              [0.320298, 0.146202, 0.154202, 0.379297], 
              [0.305229, 0.156718, 0.158318, 0.379735], 
              [0.330098, 0.143902, 0.158602, 0.367397], 
              [0.314599, 0.157602, 0.146902, 0.380897], 
              [0.329431, 0.148717, 0.153318, 0.368534]
            ]
          }, {
            "db": 0,
            "id": "filter127",
            "len": 13,
            "nsites": 6372,
            "pwm": [
              [0.658194, 0.00490385, 0.0507031, 0.286199], 
              [0.00500384, 0.706093, 0.00020392, 0.288699], 
              [0.00860465, 0.209222, 0.321231, 0.460943], 
              [0.0127037, 0.113102, 0.385798, 0.488396], 
              [0.720065, 0.000603974, 0.0695098, 0.209822], 
              [0.2597, 0.0196036, 0.0841026, 0.636594], 
              [0.181301, 0.422797, 0.0353034, 0.360598], 
              [0.330466, 0.178983, 0.138288, 0.352263], 
              [0.349898, 0.151202, 0.171401, 0.327499], 
              [0.342999, 0.153402, 0.153102, 0.350498], 
              [0.347564, 0.154186, 0.150686, 0.347564], 
              [0.344299, 0.160101, 0.148502, 0.347098], 
              [0.348498, 0.159701, 0.154302, 0.337499]
            ]
          }, {
            "db": 0,
            "id": "filter128",
            "len": 13,
            "nsites": 16786,
            "pwm": [
              [0.3041, 0.0984009, 0.0254013, 0.572098], 
              [0.922196, 0.000501486, 0.000101489, 0.077201], 
              [0.594998, 0.126601, 0.0244013, 0.254], 
              [0.83238, 0.000801565, 0.0716082, 0.0952104], 
              [0.346834, 0.0828093, 0.103011, 0.467345], 
              [0.862396, 0.0537012, 0.0721011, 0.0118014], 
              [0.3091, 0.2447, 0.120501, 0.3257], 
              [0.412799, 0.140201, 0.151501, 0.2955], 
              [0.383399, 0.143201, 0.143201, 0.3302], 
              [0.399259, 0.134987, 0.156185, 0.309569], 
              [0.379699, 0.143101, 0.152101, 0.3251], 
              [0.38816, 0.143986, 0.156285, 0.311568], 
              [0.376537, 0.146015, 0.152916, 0.324532]
            ]
          }, {
            "db": 0,
            "id": "filter129",
            "len": 13,
            "nsites": 14210,
            "pwm": [
              [0.254475, 0.0798932, 0.331766, 0.333866], 
              [0.226278, 0.10919, 0.320367, 0.344165], 
              [0.221222, 0.248125, 0.500648, 0.0300045], 
              [0.435842, 0.361535, 0.0936105, 0.109012], 
              [0.481798, 0.00650171, 0.2949, 0.2168], 
              [0.412758, 0.0226993, 0.100091, 0.464452], 
              [0.0241016, 0.729497, 0.2458, 0.000601755], 
              [0.352299, 0.1876, 0.162101, 0.298], 
              [0.3178, 0.2007, 0.1927, 0.2888], 
              [0.30663, 0.212722, 0.19142, 0.289229], 
              [0.3117, 0.1883, 0.204, 0.296], 
              [0.3131, 0.1902, 0.2073, 0.2894], 
              [0.290829, 0.226023, 0.190719, 0.292429]
            ]
          }, {
            "db": 0,
            "id": "filter13",
            "len": 13,
            "nsites": 2663,
            "pwm": [
              [0.0274084, 0.839478, 0.0581072, 0.0750066], 
              [0.125605, 0.842878, 0.00710912, 0.0244085], 
              [0.182621, 0.764557, 0.01011, 0.0427121], 
              [0.367096, 0.396295, 0.0135089, 0.223101], 
              [0.333697, 0.418794, 0.0214086, 0.226101], 
              [0.51029, 0.184502, 0.0236085, 0.281599], 
              [0.320597, 0.0735066, 0.0300083, 0.575888], 
              [0.304098, 0.180003, 0.191202, 0.324697], 
              [0.290569, 0.185584, 0.183384, 0.340463], 
              [0.309298, 0.186402, 0.166103, 0.338197], 
              [0.309298, 0.199102, 0.153004, 0.338597], 
              [0.315729, 0.204322, 0.149619, 0.33033], 
              [0.302198, 0.174003, 0.155204, 0.368596]
            ]
          }, {
            "db": 0,
            "id": "filter130",
            "len": 13,
            "nsites": 2910,
            "pwm": [
              [0.282399, 0.138604, 0.54259, 0.0364073], 
              [0.21108, 0.0754984, 0.547635, 0.165786], 
              [0.2416, 0.350697, 0.0573066, 0.350397], 
              [0.2491, 0.00310848, 0.460193, 0.287599], 
              [0.169203, 0.443393, 0.181202, 0.206202], 
              [0.164403, 0.790981, 0.0127082, 0.0319075], 
              [0.00030861, 0.0017087, 0.997674, 0.00030861], 
              [0.316398, 0.168503, 0.2636, 0.2515], 
              [0.283499, 0.215901, 0.188702, 0.311898], 
              [0.283099, 0.144504, 0.286199, 0.286199], 
              [0.295769, 0.231977, 0.21108, 0.261173], 
              [0.300598, 0.209001, 0.211701, 0.278699], 
              [0.273872, 0.162687, 0.302968, 0.260474]
            ]
          }, {
            "db": 0,
            "id": "filter131",
            "len": 13,
            "nsites": 9432,
            "pwm": [
              [0.298229, 0.250525, 0.00260288, 0.448643], 
              [0.663962, 0.128114, 0.000102659, 0.207821], 
              [0.0292023, 0.600396, 0.000102649, 0.370299], 
              [0.615135, 0.050897, 0.0457976, 0.288171], 
              [0.797694, 0.000202648, 0.0482021, 0.153901], 
              [0.521297, 0.145701, 0.0891017, 0.2439], 
              [0.329399, 0.110701, 0.311499, 0.2484], 
              [0.359599, 0.161701, 0.152001, 0.326699], 
              [0.352599, 0.160301, 0.157001, 0.330099], 
              [0.358799, 0.153801, 0.155801, 0.331599], 
              [0.354699, 0.156201, 0.154801, 0.334299], 
              [0.353499, 0.157101, 0.159901, 0.329499], 
              [0.352899, 0.157201, 0.158401, 0.331499]
            ]
          }, {
            "db": 0,
            "id": "filter132",
            "len": 13,
            "nsites": 5550,
            "pwm": [
              [0.124802, 0.2713, 0.000404497, 0.603494], 
              [0.362598, 0.0983027, 0.00670438, 0.532395], 
              [0.2236, 0.469796, 0.128202, 0.178401], 
              [0.652428, 0.000204481, 0.20438, 0.142988], 
              [0.0687964, 0.000404457, 0.869402, 0.0613973], 
              [0.0122043, 0.00360444, 0.00540441, 0.978787], 
              [0.178401, 0.000204501, 0.0342039, 0.78719], 
              [0.233, 0.168501, 0.170501, 0.427997], 
              [0.2751, 0.206701, 0.175201, 0.342998], 
              [0.293299, 0.179701, 0.188501, 0.338498], 
              [0.292228, 0.169418, 0.18942, 0.348933], 
              [0.298699, 0.183101, 0.160802, 0.357398], 
              [0.294199, 0.188201, 0.157502, 0.360098]
            ]
          }, {
            "db": 0,
            "id": "filter133",
            "len": 13,
            "nsites": 5639,
            "pwm": [
              [0.665459, 0.0131055, 0.141216, 0.180219], 
              [0.437397, 0.0422037, 0.023004, 0.497396], 
              [0.115514, 0.00670498, 0.119614, 0.758167], 
              [0.0610034, 0.155202, 0.107903, 0.675892], 
              [0.111291, 0.0894939, 0.112391, 0.686824], 
              [0.120002, 0.432597, 0.0634033, 0.383998], 
              [0.425697, 0.0583034, 0.0778031, 0.438197], 
              [0.279099, 0.181301, 0.187001, 0.352598], 
              [0.29097, 0.197581, 0.164285, 0.347164], 
              [0.299129, 0.172419, 0.159318, 0.369135], 
              [0.297399, 0.181601, 0.164602, 0.356398], 
              [0.283499, 0.205401, 0.158602, 0.352498], 
              [0.316499, 0.164102, 0.161602, 0.357798]
            ]
          }, {
            "db": 0,
            "id": "filter134",
            "len": 13,
            "nsites": 4240,
            "pwm": [
              [0.68259, 0.0556046, 0.2352, 0.0266053], 
              [0.506594, 0.0518047, 0.149202, 0.292399], 
              [0.375835, 0.166119, 0.00280611, 0.455241], 
              [0.174602, 0.106703, 0.177702, 0.540993], 
              [0.878473, 0.0200074, 0.001406, 0.100114], 
              [0.896785, 0.0344051, 0.0231054, 0.0457048], 
              [0.372997, 0.0662043, 0.2288, 0.331998], 
              [0.337398, 0.188301, 0.176702, 0.297599], 
