<!DOCTYPE HTML>
<html>
  <head>
    <meta charset="UTF-8">
    <title>TOMTOM</title>
    <script>
      // @JSON_VAR data
      var data = {
        "program": "Tomtom",
        "version": "5.0.3",
        "release": "Sun Dec 02 18:41:45 2018 -0800",
        "cmd": [
          "tomtom", "-dist", "ed", "-thresh", "0.05", "-oc",
          "Results/Human_Promoter_Analysis_euclidean_v8/Motif_Analysis/tomtom",
          "Results/Human_Promoter_Analysis_euclidean_v8/Motif_Analysis/filters_meme.txt",
          "/s/jawar/h/nobackup/fahad/MEME_SUITE/motif_databases/CIS-BP/Homo_sapiens.meme"
        ],
        "options": {
          "strands": "both",
          "distance_measure": "ed",
          "threshold_type": "qvalue",
          "threshold_value": 0.05,
          "background_source": "--query--"
        },
        "alphabet": {
          "name": "DNA",
          "like": "dna",
          "ncore": 4,
          "symbols": [
            {
              "symbol": "A",
              "name": "Adenine",
              "colour": "CC0000",
              "complement": "T"
            }, {
              "symbol": "C",
              "name": "Cytosine",
              "colour": "0000CC",
              "complement": "G"
            }, {
              "symbol": "G",
              "name": "Guanine",
              "colour": "FFB300",
              "complement": "C"
            }, {
              "symbol": "T",
              "aliases": "U",
              "name": "Thymine",
              "colour": "008000",
              "complement": "A"
            }, {
              "symbol": "N",
              "aliases": "X.",
              "name": "Any base",
              "equals": "ACGT"
            }, {
              "symbol": "V",
              "name": "Not T",
              "equals": "ACG"
            }, {
              "symbol": "H",
              "name": "Not G",
              "equals": "ACT"
            }, {
              "symbol": "D",
              "name": "Not C",
              "equals": "AGT"
            }, {
              "symbol": "B",
              "name": "Not A",
              "equals": "CGT"
            }, {
              "symbol": "M",
              "name": "Amino",
              "equals": "AC"
            }, {
              "symbol": "R",
              "name": "Purine",
              "equals": "AG"
            }, {
              "symbol": "W",
              "name": "Weak",
              "equals": "AT"
            }, {
              "symbol": "S",
              "name": "Strong",
              "equals": "CG"
            }, {
              "symbol": "Y",
              "name": "Pyrimidine",
              "equals": "CT"
            }, {
              "symbol": "K",
              "name": "Keto",
              "equals": "GT"
            }
          ]
        },
        "background": [0.25, 0.25, 0.25, 0.25],
        "query_dbs": [
          {
            "source": "Results/Human_Promoter_Analysis_euclidean_v8/Motif_Analysis/filters_meme.txt",
            "name": "filters_meme.txt",
            "loaded": 200,
            "excluded": 0,
            "last_modified": "Sun Feb  7 15:39:19 2021"
          }
        ],
        "target_dbs": [
          {
            "source": "/s/jawar/h/nobackup/fahad/MEME_SUITE/motif_databases/CIS-BP/Homo_sapiens.meme",
            "name": "Homo_sapiens",
            "loaded": 733,
            "excluded": 0,
            "last_modified": "Tue Aug 28 14:58:21 2018"
          }
        ],
        "queries": [
          {
            "db": 0,
            "id": "filter0",
            "len": 13,
            "nsites": 2327,
            "pwm": [
              [0.277999, 0.00211065, 0.607885, 0.112006], 
              [0.458991, 0.269399, 0.245, 0.0266096], 
              [0.434992, 0.0425089, 0.2484, 0.274099], 
              [0.280099, 0.00391058, 0.0729076, 0.643083], 
              [0.102996, 0.135991, 0.189184, 0.571829], 
              [0.0884069, 0.210602, 0.0382091, 0.662782], 
              [0.166004, 0.184503, 0.588185, 0.0613081], 
              [0.2492, 0.229901, 0.2553, 0.265599], 
              [0.280999, 0.202102, 0.262099, 0.2548], 
              [0.265573, 0.223079, 0.239776, 0.271572], 
              [0.274571, 0.225678, 0.233377, 0.266373], 
              [0.282699, 0.236401, 0.218401, 0.262499], 
              [0.269826, 0.223924, 0.232124, 0.274126]
            ]
          }, {
            "db": 0,
            "id": "filter1",
            "len": 13,
            "nsites": 2933,
            "pwm": [
              [0.153903, 0.325797, 0.0790058, 0.441293], 
              [0.0800058, 0.625787, 0.182502, 0.111705], 
              [0.227101, 0.0245077, 0.0245077, 0.723884], 
              [0.709513, 0.00070843, 0.0368036, 0.252975], 
              [0.726656, 0.00370877, 0.0844141, 0.185221], 
              [0.811681, 0.0279076, 0.00170847, 0.158703], 
              [0.150818, 0.0310106, 0.372133, 0.446038], 
              [0.271026, 0.227424, 0.225723, 0.275827], 
              [0.275499, 0.2482, 0.209701, 0.266599], 
              [0.287399, 0.2434, 0.203302, 0.265899], 
              [0.28977, 0.227778, 0.21588, 0.266573], 
              [0.289099, 0.233901, 0.211101, 0.265899], 
              [0.291099, 0.219301, 0.223701, 0.265899]
            ]
          }, {
            "db": 0,
            "id": "filter10",
            "len": 13,
            "nsites": 1758,
            "pwm": [
              [0.0193131, 0.0590109, 0.0142134, 0.907463], 
              [0.355258, 0.0846009, 0.187285, 0.372856], 
              [0.359794, 0.00511393, 0.237801, 0.397292], 
              [0.0465116, 0.116308, 0.448389, 0.388792], 
              [0.27977, 0.233278, 0.387053, 0.0998985], 
              [0.789969, 0.0131135, 0.00171412, 0.195203], 
              [0.0187132, 0.106708, 0.0153133, 0.859265], 
              [0.242325, 0.194123, 0.207723, 0.35583], 
              [0.274099, 0.202603, 0.192403, 0.330895], 
              [0.283198, 0.223602, 0.214502, 0.278698], 
              [0.290598, 0.198603, 0.197503, 0.313296], 
              [0.295697, 0.197503, 0.204903, 0.301897], 
              [0.293398, 0.201503, 0.208302, 0.296797]
            ]
          }, {
            "db": 0,
            "id": "filter100",
            "len": 13,
            "nsites": 3679,
            "pwm": [
              [0.064305, 0.873183, 0.029106, 0.0334059], 
              [0.448295, 0.131403, 0.00160675, 0.418695], 
              [0.0234062, 0.158003, 0.117804, 0.700788], 
              [0.0657116, 0.124616, 0.31983, 0.489842], 
              [0.0798046, 0.218601, 0.488194, 0.213401], 
              [0.325798, 0.0266061, 0.2319, 0.415695], 
              [0.556592, 0.122203, 0.178402, 0.142803], 
              [0.307898, 0.192502, 0.2555, 0.2441], 
              [0.289699, 0.230001, 0.216101, 0.2642], 
              [0.268499, 0.2574, 0.211501, 0.2626], 
              [0.281299, 0.225901, 0.225601, 0.2672], 
              [0.2558, 0.233, 0.230501, 0.280699], 
              [0.277199, 0.221001, 0.2387, 0.2631]
            ]
          }, {
            "db": 0,
            "id": "filter101",
            "len": 13,
            "nsites": 2966,
            "pwm": [
              [0.140404, 0.753483, 0.0357072, 0.0704061], 
              [0.2411, 0.54779, 0.014108, 0.197002], 
              [0.205701, 0.204402, 0.175403, 0.414494], 
              [0.316166, 0.00370793, 0.385857, 0.294269], 
              [0.347797, 0.208401, 0.194602, 0.2492], 
              [0.368359, 0.0209056, 0.0047078, 0.606027], 
              [0.226901, 0.274399, 0.212501, 0.286199], 
              [0.242424, 0.281127, 0.211422, 0.265026], 
              [0.233301, 0.284499, 0.225601, 0.2566], 
              [0.2465, 0.284799, 0.218901, 0.2498], 
              [0.2505, 0.2643, 0.2397, 0.2455], 
              [0.2566, 0.2599, 0.225901, 0.2576], 
              [0.2401, 0.281799, 0.2468, 0.231301]
            ]
          }, {
            "db": 0,
            "id": "filter102",
            "len": 13,
            "nsites": 2629,
            "pwm": [
              [0.191802, 0.615286, 0.0201087, 0.172803], 
              [0.2431, 0.187202, 0.129105, 0.440593], 
              [0.012509, 0.940774, 0.0304084, 0.0163089], 
              [0.032705, 0.603426, 0.0247061, 0.339163], 
              [0.371058, 0.480043, 0.0376043, 0.111294], 
              [0.0327083, 0.603487, 0.0338082, 0.329997], 
              [0.0755991, 0.176585, 0.499041, 0.248775], 
              [0.208102, 0.295098, 0.223701, 0.273099], 
              [0.222579, 0.292069, 0.236977, 0.248375], 
              [0.223701, 0.301198, 0.213801, 0.2613], 
              [0.2431, 0.301598, 0.206202, 0.2491], 
              [0.230201, 0.303098, 0.207702, 0.259], 
              [0.236601, 0.310698, 0.223301, 0.229401]
            ]
          }, {
            "db": 0,
            "id": "filter103",
            "len": 13,
            "nsites": 3385,
            "pwm": [
              [0.427552, 0.13399, 0.102694, 0.335764], 
              [0.201801, 0.200401, 0.013007, 0.58479], 
              [0.155803, 0.000307376, 0.0546058, 0.789284], 
              [0.0555002, 0.0561001, 0.0484011, 0.839999], 
              [0.453494, 0.114804, 0.0590056, 0.372696], 
              [0.295969, 0.492744, 0.00590662, 0.205381], 
              [0.116004, 0.508992, 0.2623, 0.112704], 
              [0.291499, 0.222801, 0.129804, 0.355897], 
              [0.292699, 0.205401, 0.188802, 0.313098], 
              [0.272399, 0.197102, 0.208901, 0.321598], 
              [0.273199, 0.206601, 0.209801, 0.310398], 
              [0.276499, 0.195002, 0.216001, 0.312498], 
              [0.295399, 0.190002, 0.220101, 0.294499]
            ]
          }, {
            "db": 0,
            "id": "filter104",
            "len": 13,
            "nsites": 1960,
            "pwm": [
              [0.2424, 0.293298, 0.0519101, 0.412392], 
              [0.215402, 0.112507, 0.0468104, 0.625281], 
              [0.0601097, 0.772373, 0.00201265, 0.165504], 
              [0.138506, 0.696477, 0.111007, 0.05401], 
              [0.323796, 0.0993077, 0.332496, 0.2444], 
              [0.166504, 0.732675, 0.0224116, 0.0784088], 
              [0.0550099, 0.417491, 0.0402107, 0.487288], 
              [0.195522, 0.308028, 0.190422, 0.306028], 
              [0.217402, 0.311097, 0.199103, 0.272399], 
              [0.215402, 0.322796, 0.216902, 0.2449], 
              [0.220979, 0.28107, 0.227078, 0.270872], 
              [0.232701, 0.302397, 0.227101, 0.237801], 
              [0.237301, 0.313097, 0.207202, 0.2424]
            ]
          }, {
            "db": 0,
            "id": "filter105",
            "len": 13,
            "nsites": 2764,
            "pwm": [
              [0.169786, 0.118893, 0.420152, 0.291169], 
              [0.121005, 0.0647067, 0.0242082, 0.79008], 
              [0.092815, 0.317229, 0.571546, 0.0184102], 
              [0.00760801, 0.0834977, 0.516239, 0.392656], 
              [0.057807, 0.462792, 0.476492, 0.00290894], 
              [0.093215, 0.193621, 0.519142, 0.194021], 
              [0.083806, 0.0668066, 0.844278, 0.00510886], 
              [0.195782, 0.315766, 0.334164, 0.154288], 
              [0.193621, 0.247825, 0.369233, 0.189321], 
              [0.190802, 0.268399, 0.355096, 0.185702], 
              [0.186802, 0.283599, 0.342797, 0.186802], 
              [0.183502, 0.279599, 0.351896, 0.185002], 
              [0.17122, 0.281427, 0.369633, 0.17772]
            ]
          }, {
            "db": 0,
            "id": "filter106",
            "len": 13,
            "nsites": 3120,
            "pwm": [
              [0.277799, 0.372596, 0.0775055, 0.272099], 
              [0.2583, 0.166103, 0.120404, 0.455193], 
              [0.102415, 0.0899141, 0.0653125, 0.742358], 
              [0.249025, 0.113316, 0.290028, 0.347632], 
              [0.2442, 0.0339069, 0.434094, 0.287799], 
              [0.334497, 0.138004, 0.396295, 0.131204], 
              [0.466093, 0.0768056, 0.209301, 0.2478], 
              [0.309898, 0.190102, 0.229201, 0.270799], 
              [0.301898, 0.202002, 0.202902, 0.293199], 
              [0.299598, 0.210301, 0.214801, 0.275299], 
              [0.296399, 0.203301, 0.229501, 0.270799], 
              [0.273972, 0.200382, 0.236577, 0.28907], 
              [0.302498, 0.206501, 0.220201, 0.270799]
            ]
          }, {
            "db": 0,
            "id": "filter107",
            "len": 13,
            "nsites": 2435,
            "pwm": [
              [0.335796, 0.164803, 0.439892, 0.0595078], 
              [0.0394047, 0.101696, 0.302568, 0.556332], 
              [0.744505, 0.0640012, 0.154588, 0.0369051], 
              [0.00121034, 0.0500132, 0.000810314, 0.947966], 
              [0.294398, 0.181203, 0.216101, 0.308298], 
              [0.683082, 0.0722073, 0.107806, 0.136905], 
              [0.763379, 0.00041025, 0.0361088, 0.200102], 
              [0.335363, 0.161987, 0.207081, 0.295569], 
              [0.33743, 0.17342, 0.184921, 0.304228], 
              [0.318997, 0.186103, 0.168903, 0.325997], 
              [0.334563, 0.187784, 0.184484, 0.293169], 
              [0.295998, 0.180403, 0.203802, 0.319797], 
              [0.321029, 0.194322, 0.200922, 0.283727]
            ]
          }, {
            "db": 0,
            "id": "filter108",
            "len": 13,
            "nsites": 2352,
            "pwm": [
              [0.289898, 0.0955066, 0.274999, 0.339596], 
              [0.132005, 0.0475086, 0.0484086, 0.772078], 
              [0.0166099, 0.112506, 0.00551039, 0.865374], 
              [0.150689, 0.360359, 0.00171039, 0.487241], 
              [0.775478, 0.00131057, 0.205402, 0.0178099], 
              [0.608685, 0.143905, 0.01571, 0.231701], 
              [0.572586, 0.0501085, 0.0467086, 0.330597], 
              [0.296298, 0.187203, 0.2402, 0.276299], 
              [0.295398, 0.205002, 0.194002, 0.305598], 
              [0.279699, 0.223301, 0.204602, 0.292398], 
              [0.297498, 0.194402, 0.206302, 0.301798], 
              [0.296698, 0.198602, 0.206302, 0.298398], 
              [0.300928, 0.200322, 0.225424, 0.273326]
            ]
          }, {
            "db": 0,
            "id": "filter109",
            "len": 13,
            "nsites": 3561,
            "pwm": [
              [0.305998, 0.323998, 0.0937044, 0.276299], 
              [0.366333, 0.518944, 0.0244088, 0.0903135], 
              [0.168585, 0.435051, 0.0230041, 0.373359], 
              [0.0264036, 0.0107056, 0.0438014, 0.919089], 
              [0.0951043, 0.225801, 0.145903, 0.533192], 
              [0.0895045, 0.558991, 0.0651052, 0.286399], 
              [0.0272063, 0.300999, 0.205301, 0.466494], 
              [0.215701, 0.271199, 0.184902, 0.328198], 
              [0.2342, 0.2519, 0.202801, 0.311098], 
              [0.2432, 0.255, 0.212601, 0.289199], 
              [0.246, 0.2449, 0.204501, 0.304598], 
              [0.248225, 0.263126, 0.193821, 0.294828], 
              [0.246825, 0.254125, 0.199421, 0.299629]
            ]
          }, {
            "db": 0,
            "id": "filter11",
            "len": 13,
            "nsites": 880,
            "pwm": [
              [0.233002, 0.0204261, 0.0113271, 0.735245], 
              [0.580262, 0.0622213, 0.274897, 0.082619], 
              [0.924123, 0.00232814, 0.00342802, 0.0701204], 
              [0.311124, 0.0226281, 0.0848273, 0.58142], 
              [0.285096, 0.280497, 0.326891, 0.107516], 
              [0.329191, 0.501071, 0.065621, 0.104117], 
              [0.0339246, 0.109716, 0.00572776, 0.850632], 
              [0.230802, 0.203605, 0.2523, 0.313293], 
              [0.292995, 0.207005, 0.183308, 0.316692], 
              [0.261325, 0.246625, 0.193426, 0.298624], 
              [0.292995, 0.195706, 0.210404, 0.300894], 
              [0.285096, 0.221703, 0.212704, 0.280497], 
              [0.287267, 0.219482, 0.186689, 0.306563]
            ]
          }, {
            "db": 0,
            "id": "filter110",
            "len": 13,
            "nsites": 2527,
            "pwm": [
              [0.121705, 0.533789, 0.00830956, 0.336197], 
              [0.214123, 0.102716, 0.0067103, 0.676451], 
              [0.625385, 0.148204, 0.161204, 0.0652073], 
              [0.536189, 0.0715071, 0.169103, 0.223201], 
              [0.370195, 0.209802, 0.119305, 0.300698], 
              [0.0849065, 0.047008, 0.0024098, 0.865676], 
              [0.0367121, 0.214923, 0.194822, 0.553543], 
              [0.276971, 0.202682, 0.164787, 0.35556], 
              [0.303398, 0.205502, 0.186103, 0.304998], 
              [0.304228, 0.193222, 0.191621, 0.310929], 
              [0.324797, 0.187702, 0.190802, 0.296698], 
              [0.297498, 0.197202, 0.190802, 0.314497], 
              [0.306598, 0.192802, 0.188102, 0.312498]
            ]
          }, {
            "db": 0,
            "id": "filter111",
            "len": 13,
            "nsites": 2583,
            "pwm": [
              [0.214523, 0.153819, 0.431836, 0.199822], 
              [0.562388, 0.0974059, 0.0472079, 0.292998], 
              [0.77308, 0.000409663, 0.0781067, 0.148404], 
              [0.642385, 0.167003, 0.0236088, 0.167003], 
              [0.837277, 0.0147091, 0.102006, 0.0460079], 
              [0.400094, 0.173603, 0.0742068, 0.352096], 
              [0.377257, 0.217979, 0.0302055, 0.374558], 
              [0.318897, 0.212601, 0.199502, 0.268999], 
              [0.346296, 0.199102, 0.193702, 0.2609], 
              [0.33283, 0.200622, 0.191321, 0.275227], 
              [0.328597, 0.198302, 0.203302, 0.269799], 
              [0.330897, 0.206002, 0.209102, 0.254], 
              [0.33823, 0.192521, 0.206022, 0.263226]
            ]
          }, {
            "db": 0,
            "id": "filter112",
            "len": 13,
            "nsites": 2144,
            "pwm": [
              [0.615883, 0.00511142, 0.158804, 0.220201], 
              [0.453391, 0.316097, 0.134105, 0.0964072], 
              [0.0759081, 0.840272, 0.00651136, 0.0773081], 
              [0.164804, 0.109907, 0.176903, 0.548386], 
              [0.0908165, 0.890159, 0.0102122, 0.00881213], 
              [0.667581, 0.0256105, 0.141505, 0.165304], 
              [0.0400138, 0.476737, 0.310528, 0.172721], 
              [0.2509, 0.308197, 0.196502, 0.2444], 
              [0.212802, 0.291898, 0.2453, 0.25], 
              [0.236001, 0.271399, 0.2449, 0.2477], 
              [0.215102, 0.301198, 0.2398, 0.2439], 
              [0.250475, 0.28677, 0.229978, 0.232778], 
              [0.221601, 0.302598, 0.234201, 0.2416]
            ]
          }, {
            "db": 0,
            "id": "filter113",
            "len": 13,
            "nsites": 3008,
            "pwm": [
              [0.58463, 0.237377, 0.0226053, 0.155388], 
              [0.285199, 0.0618063, 0.475393, 0.177602], 
              [0.674986, 0.0232075, 0.0342072, 0.267599], 
              [0.0521066, 0.00800804, 0.874779, 0.0651061], 
              [0.86488, 0.0315073, 0.0594063, 0.0442068], 
              [0.582289, 0.00830803, 0.314398, 0.0950052], 
              [0.2543, 0.0827056, 0.478392, 0.184602], 
              [0.305098, 0.205201, 0.293199, 0.196502], 
              [0.305068, 0.201881, 0.265273, 0.227778], 
              [0.293499, 0.209801, 0.284499, 0.212201], 
              [0.266899, 0.217501, 0.268899, 0.2467], 
              [0.282899, 0.193902, 0.294799, 0.228401], 
              [0.281527, 0.205822, 0.280927, 0.231724]
            ]
          }, {
            "db": 0,
            "id": "filter114",
            "len": 13,
            "nsites": 3948,
            "pwm": [
              [0.272499, 0.530093, 0.00230627, 0.195101], 
              [0.0891041, 0.0784043, 0.00380624, 0.828685], 
              [0.0202078, 0.653155, 0.0564105, 0.270227], 
              [0.508093, 0.093604, 0.0195058, 0.378797], 
              [0.231524, 0.0926132, 0.373234, 0.302629], 
              [0.107293, 0.00460576, 0.546538, 0.341564], 
              [0.125003, 0.0433052, 0.809686, 0.0220058], 
              [0.275799, 0.2336, 0.2515, 0.2391], 
              [0.257074, 0.240376, 0.244176, 0.258374], 
              [0.2503, 0.231, 0.2535, 0.2652], 
              [0.260374, 0.238376, 0.246175, 0.255074], 
              [0.2361, 0.2391, 0.271999, 0.2528], 
              [0.249, 0.2396, 0.272499, 0.2389]
            ]
          }, {
            "db": 0,
            "id": "filter115",
            "len": 13,
            "nsites": 2064,
            "pwm": [
              [0.0982074, 0.161504, 0.65858, 0.0817082], 
              [0.138805, 0.351095, 0.292998, 0.217102], 
              [0.131006, 0.0164113, 0.0721086, 0.780474], 
              [0.0609092, 0.127706, 0.189103, 0.622282], 
              [0.144605, 0.2558, 0.478689, 0.120906], 
              [0.822472, 0.138805, 0.0242109, 0.0145114], 
              [0.000512038, 0.00101196, 0.997964, 0.000512038], 
              [0.251475, 0.21858, 0.307067, 0.222879], 
              [0.236901, 0.2476, 0.292598, 0.222901], 
              [0.264473, 0.250975, 0.254374, 0.230178], 
              [0.268399, 0.229201, 0.282898, 0.219501], 
              [0.229678, 0.227778, 0.303167, 0.239377], 
              [0.2408, 0.223901, 0.294998, 0.2403]
            ]
          }, {
            "db": 0,
            "id": "filter116",
            "len": 13,
            "nsites": 2190,
            "pwm": [
              [0.314929, 0.105717, 0.480438, 0.0989168], 
              [0.137619, 0.0889162, 0.479937, 0.293527], 
              [0.505488, 0.0602087, 0.391494, 0.0428095], 
              [0.116706, 0.431592, 0.2475, 0.204202], 
              [0.537787, 0.2489, 0.0734081, 0.139905], 
              [0.275299, 0.0383097, 0.0068111, 0.67958], 
              [0.855072, 0.00181133, 0.00361125, 0.139505], 
              [0.284398, 0.195502, 0.226101, 0.293998], 
              [0.344596, 0.168604, 0.203302, 0.283498], 
              [0.291198, 0.174103, 0.211502, 0.323197], 
              [0.334996, 0.188703, 0.200502, 0.275799], 
              [0.276199, 0.201902, 0.205602, 0.316297], 
              [0.318597, 0.178703, 0.216002, 0.286698]
            ]
          }, {
            "db": 0,
            "id": "filter117",
            "len": 13,
            "nsites": 1792,
            "pwm": [
              [0.439289, 0.526185, 0.0312122, 0.00331377], 
              [0.231101, 0.207702, 0.0902089, 0.470988], 
              [0.150906, 0.00281379, 0.0445115, 0.801769], 
              [0.278426, 0.047316, 0.0562164, 0.618041], 
              [0.0802095, 0.356294, 0.2517, 0.311797], 
              [0.064004, 0.451544, 0.237777, 0.246676], 
              [0.722674, 0.0234126, 0.0256125, 0.228301], 
              [0.246676, 0.213781, 0.288969, 0.250575], 
              [0.285598, 0.217702, 0.222202, 0.274499], 
              [0.283398, 0.217702, 0.209902, 0.288998], 
              [0.264473, 0.244976, 0.227179, 0.263373], 
              [0.270599, 0.233901, 0.218802, 0.276699], 
              [0.261125, 0.232724, 0.207123, 0.299027]
            ]
          }, {
            "db": 0,
            "id": "filter118",
            "len": 13,
            "nsites": 4195,
            "pwm": [
              [0.529393, 0.0719042, 0.206701, 0.192001], 
              [0.148802, 0.140003, 0.0691043, 0.642091], 
              [0.482743, 0.066411, 0.304129, 0.146717], 
              [0.266473, 0.165785, 0.257174, 0.310567], 
              [0.727089, 0.0350051, 0.166902, 0.0710043], 
              [0.383197, 0.172902, 0.2553, 0.188601], 
              [0.635591, 0.0598045, 0.2577, 0.0469048], 
              [0.358933, 0.174319, 0.203121, 0.263626], 
              [0.381759, 0.173884, 0.195482, 0.248875], 
              [0.342698, 0.182202, 0.188101, 0.286999], 
              [0.357197, 0.173102, 0.206501, 0.2632], 
              [0.333198, 0.187201, 0.201701, 0.277899], 
              [0.350098, 0.190801, 0.218101, 0.241]
            ]
          }, {
            "db": 0,
            "id": "filter119",
            "len": 13,
            "nsites": 2259,
            "pwm": [
              [0.286298, 0.0773076, 0.187403, 0.448991], 
              [0.125506, 0.2501, 0.0133105, 0.611084], 
              [0.308867, 0.100797, 0.117094, 0.473243], 
              [0.604145, 0.131218, 0.0384132, 0.226224], 
              [0.771154, 0.0742152, 0.0194121, 0.135219], 
              [0.353095, 0.151104, 0.116706, 0.379094], 
              [0.374694, 0.204202, 0.0985067, 0.322597], 
              [0.34113, 0.179421, 0.15862, 0.320829], 
              [0.324797, 0.186003, 0.198002, 0.291198], 
              [0.311497, 0.197102, 0.174103, 0.317297], 
              [0.322129, 0.196222, 0.195322, 0.286327], 
              [0.316429, 0.180721, 0.186021, 0.316829], 
              [0.333596, 0.191803, 0.187403, 0.287198]
            ]
          }, {
            "db": 0,
            "id": "filter12",
            "len": 13,
            "nsites": 3566,
            "pwm": [
              [0.915081, 0.000606994, 0.0162066, 0.0681051], 
              [0.710887, 0.2342, 0.0154066, 0.0395059], 
              [0.531392, 0.176502, 0.0854046, 0.206701], 
              [0.756361, 0.0711121, 0.00250719, 0.170019], 
              [0.508393, 0.184902, 0.0403059, 0.2664], 
              [0.430252, 0.086296, 0.235277, 0.248175], 
              [0.519292, 0.133903, 0.0109067, 0.335898], 
              [0.349897, 0.182902, 0.200801, 0.2664], 
              [0.341197, 0.198301, 0.180102, 0.280399], 
              [0.342297, 0.191902, 0.183202, 0.282599], 
              [0.343397, 0.199701, 0.172002, 0.284899], 
              [0.331098, 0.194102, 0.187402, 0.287399], 
              [0.330498, 0.179002, 0.189102, 0.301399]
            ]
          }, {
            "db": 0,
            "id": "filter120",
            "len": 13,
            "nsites": 2652,
            "pwm": [
              [0.0832063, 0.110705, 0.678484, 0.127605], 
              [0.468745, 0.380257, 0.106895, 0.0441034], 
              [0.652485, 0.0979057, 0.00260933, 0.247], 
              [0.659651, 0.0011095, 0.103916, 0.235324], 
              [0.102406, 0.150604, 0.676584, 0.0704068], 
              [0.407794, 0.0610071, 0.0523075, 0.478891], 
              [0.270726, 0.236824, 0.236424, 0.256025], 
              [0.296328, 0.199522, 0.233424, 0.270726], 
              [0.275999, 0.225901, 0.2455, 0.2526], 
              [0.278599, 0.211601, 0.2508, 0.259], 
              [0.302298, 0.196202, 0.2587, 0.2428], 
              [0.288399, 0.222901, 0.241, 0.2477], 
              [0.269199, 0.234901, 0.2455, 0.2504]
            ]
          }, {
            "db": 0,
            "id": "filter121",
            "len": 13,
            "nsites": 1841,
            "pwm": [
              [0.0233123, 0.260199, 0.00811314, 0.708375], 
              [0.739773, 0.0163127, 0.0515108, 0.192403], 
              [0.869366, 0.0363116, 0.0428113, 0.0515108], 
              [0.190222, 0.266126, 0.123019, 0.420633], 
              [0.708875, 0.200003, 0.010313, 0.0808092], 
              [0.504586, 0.0233123, 0.276399, 0.195703], 
              [0.376731, 0.0119141, 0.241725, 0.36963], 
              [0.298597, 0.206002, 0.232501, 0.262899], 
              [0.298597, 0.229301, 0.203803, 0.268299], 
              [0.289398, 0.220602, 0.202703, 0.287298], 
              [0.313828, 0.197823, 0.210323, 0.278026], 
              [0.300797, 0.204902, 0.231401, 0.262899], 
              [0.296997, 0.208702, 0.202203, 0.292098]
            ]
          }, {
            "db": 0,
            "id": "filter122",
            "len": 13,
            "nsites": 2528,
            "pwm": [
              [0.404394, 0.349896, 0.143804, 0.101906], 
              [0.854276, 0.0442081, 0.0111094, 0.0904063], 
              [0.910274, 0.0103095, 0.022509, 0.0569076], 
              [0.50154, 0.259474, 0.181685, 0.0573019], 
              [0.661484, 0.131505, 0.0956061, 0.111405], 
              [0.401294, 0.0577076, 0.00390973, 0.537089], 
              [0.638985, 0.140604, 0.189602, 0.0308087], 
              [0.385056, 0.180885, 0.189183, 0.244876], 
              [0.362596, 0.185603, 0.193502, 0.2583], 
              [0.358996, 0.190002, 0.173003, 0.277999], 
              [0.359396, 0.179703, 0.184803, 0.276099], 
              [0.357431, 0.191521, 0.17342, 0.277627], 
              [0.344796, 0.197102, 0.184403, 0.273699]
            ]
          }, {
            "db": 0,
            "id": "filter123",
            "len": 13,
            "nsites": 1575,
            "pwm": [
              [0.552181, 0.124808, 0.0348137, 0.288198], 
              [0.202003, 0.045613, 0.309096, 0.443288], 
              [0.274198, 0.0684115, 0.344494, 0.312896], 
              [0.0804108, 0.155806, 0.124808, 0.638975], 
              [0.234324, 0.175422, 0.0367172, 0.553536], 
              [0.846662, 0.0361136, 0.00191575, 0.115309], 
              [0.504684, 0.40849, 0.0437131, 0.0431131], 
              [0.360993, 0.186804, 0.165305, 0.286898], 
              [0.300197, 0.184904, 0.232401, 0.282498], 
              [0.319196, 0.190004, 0.202003, 0.288798], 
              [0.287498, 0.208403, 0.214702, 0.289397], 
              [0.298897, 0.202003, 0.206503, 0.292597], 
              [0.286269, 0.198183, 0.208382, 0.307166]
            ]
          }, {
            "db": 0,
            "id": "filter124",
            "len": 13,
            "nsites": 2238,
            "pwm": [
              [0.0361096, 0.049109, 0.195802, 0.718979], 
              [0.2471, 0.177503, 0.143205, 0.432192], 
              [0.224379, 0.253774, 0.418351, 0.103496], 
              [0.783255, 0.0214124, 0.136019, 0.0593145], 
              [0.0464091, 0.0687081, 0.519188, 0.365695], 
              [0.604784, 0.0549087, 0.185503, 0.154804], 
              [0.194502, 0.341696, 0.2542, 0.209602], 
              [0.359931, 0.189122, 0.197122, 0.253825], 
              [0.268099, 0.195802, 0.228801, 0.307297], 
              [0.330963, 0.188684, 0.21858, 0.261773], 
              [0.297498, 0.182403, 0.2413, 0.278799], 
              [0.319797, 0.174003, 0.203802, 0.302398], 
              [0.280599, 0.185503, 0.204702, 0.329196]
            ]
          }, {
            "db": 0,
            "id": "filter125",
            "len": 13,
            "nsites": 2140,
            "pwm": [
              [0.066202, 0.0672018, 0.467343, 0.399253], 
              [0.484589, 0.202002, 0.0919074, 0.221501], 
              [0.120306, 0.0480094, 0.204802, 0.626882], 
              [0.202002, 0.603483, 0.193603, 0.00091164], 
              [0.321365, 0.504138, 0.0294074, 0.14509], 
              [0.182385, 0.0173091, 0.000511608, 0.799794], 
              [0.0625088, 0.176803, 0.193103, 0.567585], 
              [0.236477, 0.223879, 0.201982, 0.337662], 
              [0.257, 0.2453, 0.207102, 0.290598], 
              [0.276099, 0.216402, 0.202002, 0.305497], 
              [0.269099, 0.210802, 0.212702, 0.307397], 
              [0.266799, 0.234601, 0.202002, 0.296598], 
              [0.263999, 0.208502, 0.219201, 0.308297]
            ]
          }, {
            "db": 0,
            "id": "filter126",
            "len": 13,
            "nsites": 2262,
            "pwm": [
              [0.0971068, 0.294798, 0.139905, 0.46819], 
              [0.544533, 0.173886, 0.0957972, 0.185784], 
              [0.444391, 0.00661076, 0.0887071, 0.460291], 
              [0.768277, 0.119606, 0.0658081, 0.046309], 
              [0.541887, 0.218001, 0.164204, 0.0759077], 
              [0.379532, 0.306728, 0.0750152, 0.238724], 
              [0.289898, 0.176503, 0.0115105, 0.522088], 
              [0.28377, 0.218879, 0.208281, 0.289069], 
              [0.297028, 0.201222, 0.218423, 0.283327], 
              [0.297898, 0.230401, 0.206502, 0.265199], 
              [0.290398, 0.193702, 0.2418, 0.274099], 
              [0.283799, 0.230401, 0.208702, 0.277099], 
              [0.278899, 0.248, 0.192403, 0.280699]
            ]
          }, {
            "db": 0,
            "id": "filter127",
            "len": 13,
            "nsites": 2965,
            "pwm": [
              [0.777304, 0.0115069, 0.0596005, 0.151588], 
              [0.593088, 0.00340832, 0.112805, 0.290699], 
              [0.55539, 0.072406, 0.322998, 0.0492068], 
              [0.846995, 0.040803, 0.0583006, 0.0539012], 
              [0.670519, 0.276871, 0.018206, 0.0344038], 
              [0.808981, 0.0199078, 0.071706, 0.0994051], 
              [0.54699, 0.0300074, 0.101005, 0.321998], 
              [0.495792, 0.118204, 0.173803, 0.212201], 
              [0.467446, 0.155288, 0.156987, 0.220279], 
              [0.454993, 0.153303, 0.168403, 0.223301], 
              [0.428394, 0.161003, 0.179202, 0.231401], 
              [0.415953, 0.164386, 0.180884, 0.238777], 
              [0.408195, 0.167403, 0.192002, 0.232401]
            ]
          }, {
            "db": 0,
            "id": "filter128",
            "len": 13,
            "nsites": 2100,
            "pwm": [
              [0.272799, 0.0304105, 0.523787, 0.173004], 
              [0.306097, 0.0955074, 0.124506, 0.473889], 
              [0.179685, 0.0869991, 0.227678, 0.505637], 
              [0.00141184, 0.00141184, 0.00481168, 0.992365], 
              [0.619282, 0.184403, 0.118806, 0.0775082], 
              [0.930568, 0.0504095, 0.00051188, 0.018511], 
              [0.081308, 0.165904, 0.00711157, 0.745676], 
              [0.276599, 0.179703, 0.201502, 0.342196], 
              [0.297998, 0.183903, 0.188703, 0.329396], 
              [0.294698, 0.196303, 0.192003, 0.316997], 
              [0.294198, 0.194403, 0.195803, 0.315597], 
              [0.284198, 0.180603, 0.215302, 0.319897], 
              [0.296598, 0.216702, 0.176304, 0.310397]
            ]
          }, {
            "db": 0,
            "id": "filter129",
            "len": 13,
            "nsites": 2243,
            "pwm": [
              [0.121506, 0.179403, 0.499289, 0.199802], 
              [0.806375, 0.0147105, 0.148205, 0.0307098], 
              [0.380494, 0.297698, 0.229201, 0.092607], 
              [0.42095, 0.154889, 0.0303068, 0.393854], 
              [0.488189, 0.0984068, 0.0240101, 0.389394], 
              [0.2408, 0.222101, 0.2434, 0.293698], 
              [0.455691, 0.316397, 0.153104, 0.0748078], 
              [0.288398, 0.229601, 0.196302, 0.285698], 
              [0.305298, 0.193603, 0.215802, 0.285298], 
              [0.287498, 0.232301, 0.207802, 0.272399], 
              [0.280399, 0.216701, 0.227401, 0.275499], 
              [0.280399, 0.194902, 0.212302, 0.312397], 
              [0.262599, 0.229601, 0.235901, 0.271899]
            ]
          }, {
            "db": 0,
            "id": "filter13",
            "len": 13,
            "nsites": 3125,
            "pwm": [
              [0.855266, 0.0898141, 0.0313101, 0.0236096], 
              [0.945583, 0.0352034, 0.00480737, 0.0144061], 
              [0.477445, 0.188583, 0.0769978, 0.256974], 
              [0.411595, 0.0195074, 0.502392, 0.0665059], 
              [0.445194, 0.0729057, 0.272599, 0.209301], 
              [0.0684058, 0.144803, 0.230101, 0.55669], 
              [0.100995, 0.00640716, 0.535937, 0.356661], 
              [0.287999, 0.199402, 0.233001, 0.279599], 
              [0.288599, 0.216701, 0.2419, 0.2528], 
              [0.319266, 0.193382, 0.234877, 0.252475], 
              [0.291799, 0.187602, 0.2416, 0.278999], 
              [0.293399, 0.209001, 0.234301, 0.2633], 
              [0.290499, 0.210301, 0.234301, 0.2649]
            ]
          }, {
            "db": 0,
            "id": "filter130",
            "len": 13,
            "nsites": 3825,
            "pwm": [
              [0.172402, 0.2562, 0.2366, 0.334798], 
              [0.277599, 0.61899, 0.096104, 0.00730634], 
              [0.00840632, 0.918783, 0.00990628, 0.0629049], 
              [0.230101, 0.0295058, 0.354397, 0.385996], 
              [0.625728, 0.00500591, 0.36766, 0.00160633], 
              [0.690488, 0.097404, 0.209701, 0.00240647], 
              [0.527846, 0.121716, 0.251225, 0.0992139], 
              [0.263, 0.2505, 0.272099, 0.214401], 
              [0.2562, 0.270299, 0.2364, 0.2371], 
              [0.2345, 0.273699, 0.274199, 0.217601], 
              [0.227201, 0.274499, 0.277899, 0.220401], 
              [0.238976, 0.258774, 0.273972, 0.228278], 
              [0.240276, 0.265073, 0.283371, 0.21128]
            ]
          }, {
            "db": 0,
            "id": "filter131",
            "len": 13,
            "nsites": 4846,
            "pwm": [
              [0.181601, 0.000205155, 0.178401, 0.639792], 
              [0.463896, 0.0122049, 0.136102, 0.387797], 
              [0.0138049, 0.100203, 0.369298, 0.516694], 
              [0.106603, 0.000205155, 0.853988, 0.0392043], 
              [0.798789, 0.0701037, 0.116903, 0.0142049], 
              [0.419238, 0.484944, 0.00780578, 0.0880121], 
              [0.522042, 0.0126036, 0.359362, 0.105992], 
              [0.2623, 0.210901, 0.276699, 0.2501], 
              [0.28867, 0.216079, 0.239976, 0.255274], 
              [0.2647, 0.198801, 0.272, 0.2645], 
              [0.278599, 0.212801, 0.2408, 0.2678], 
              [0.272572, 0.228478, 0.232377, 0.266573], 
              [0.286399, 0.208001, 0.2423, 0.2633]
            ]
          }, {
            "db": 0,
            "id": "filter132",
            "len": 13,
            "nsites": 2512,
            "pwm": [
              [0.736081, 0.0648074, 0.0763069, 0.122805], 
              [0.409794, 0.151004, 0.378395, 0.0608075], 
              [0.311198, 0.462192, 0.143904, 0.0827067], 
              [0.988071, 0.000409936, 0.00080992, 0.0107095], 
              [0.0433082, 0.384295, 0.300498, 0.271899], 
              [0.173286, 0.550433, 0.0358049, 0.240476], 
              [0.212601, 0.350996, 0.0358085, 0.400594], 
              [0.2603, 0.2504, 0.220601, 0.268699], 
              [0.25, 0.2615, 0.234101, 0.2544], 
              [0.270672, 0.254774, 0.222979, 0.251575], 
              [0.282627, 0.258726, 0.211823, 0.246825], 
              [0.265499, 0.254, 0.217001, 0.263499], 
              [0.271072, 0.241276, 0.231678, 0.255974]
            ]
          }, {
            "db": 0,
            "id": "filter133",
            "len": 13,
            "nsites": 4945,
            "pwm": [
              [0.115403, 0.0705036, 0.2526, 0.561494], 
              [0.270573, 0.280271, 0.257774, 0.191382], 
              [0.00380498, 0.686191, 0.00670492, 0.303299], 
              [0.00440497, 0.00650492, 0.316599, 0.672491], 
              [0.099813, 0.000405087, 0.887276, 0.0125061], 
              [0.199421, 0.364534, 0.337032, 0.099013], 
              [0.2556, 0.053304, 0.428796, 0.2623], 
              [0.204701, 0.2627, 0.315999, 0.216601], 
              [0.212801, 0.287299, 0.2681, 0.2318], 
              [0.199801, 0.282099, 0.292999, 0.225101], 
              [0.216401, 0.275199, 0.277599, 0.2308], 
              [0.20548, 0.271172, 0.29137, 0.231977], 
              [0.207501, 0.2576, 0.310399, 0.224501]
            ]
          }, {
            "db": 0,
            "id": "filter134",
            "len": 13,
            "nsites": 2334,
            "pwm": [
              [0.0646079, 0.852374, 0.0526085, 0.0304094], 
              [0.434992, 0.327197, 0.176203, 0.0616081], 
              [0.0436088, 0.143305, 0.738679, 0.0744075], 
              [0.104396, 0.174086, 0.0201078, 0.701411], 
              [0.00560991, 0.026107, 0.809995, 0.158288], 
              [0.163004, 0.524388, 0.213402, 0.0992065], 
              [0.0265096, 0.135205, 0.47859, 0.359695], 
              [0.183903, 0.309697, 0.293398, 0.213002], 
              [0.223301, 0.270699, 0.290398, 0.215601], 
              [0.193322, 0.299428, 0.292127, 0.215123], 
              [0.206181, 0.274571, 0.320365, 0.198882], 
