<!DOCTYPE HTML>
<html>
  <head>
    <meta charset="UTF-8">
    <title>TOMTOM</title>
    <script>
      // @JSON_VAR data
      var data = {
        "program": "Tomtom",
        "version": "5.0.3",
        "release": "Sun Dec 02 18:41:45 2018 -0800",
        "cmd": [
          "tomtom", "-dist", "ed", "-thresh", "0.05", "-oc",
          "Results/Simulated_Data_Analysis_Test/Motif_Analysis/tomtom",
          "Results/Simulated_Data_Analysis_Test/Motif_Analysis/filters_meme.txt",
          "/s/jawar/h/nobackup/fahad/MEME_SUITE/motif_databases/Homo_sapiens_testDFIM_v3.meme"
        ],
        "options": {
          "strands": "both",
          "distance_measure": "ed",
          "threshold_type": "qvalue",
          "threshold_value": 0.05,
          "background_source": "--query--"
        },
        "alphabet": {
          "name": "DNA",
          "like": "dna",
          "ncore": 4,
          "symbols": [
            {
              "symbol": "A",
              "name": "Adenine",
              "colour": "CC0000",
              "complement": "T"
            }, {
              "symbol": "C",
              "name": "Cytosine",
              "colour": "0000CC",
              "complement": "G"
            }, {
              "symbol": "G",
              "name": "Guanine",
              "colour": "FFB300",
              "complement": "C"
            }, {
              "symbol": "T",
              "aliases": "U",
              "name": "Thymine",
              "colour": "008000",
              "complement": "A"
            }, {
              "symbol": "N",
              "aliases": "X.",
              "name": "Any base",
              "equals": "ACGT"
            }, {
              "symbol": "V",
              "name": "Not T",
              "equals": "ACG"
            }, {
              "symbol": "H",
              "name": "Not G",
              "equals": "ACT"
            }, {
              "symbol": "D",
              "name": "Not C",
              "equals": "AGT"
            }, {
              "symbol": "B",
              "name": "Not A",
              "equals": "CGT"
            }, {
              "symbol": "M",
              "name": "Amino",
              "equals": "AC"
            }, {
              "symbol": "R",
              "name": "Purine",
              "equals": "AG"
            }, {
              "symbol": "W",
              "name": "Weak",
              "equals": "AT"
            }, {
              "symbol": "S",
              "name": "Strong",
              "equals": "CG"
            }, {
              "symbol": "Y",
              "name": "Pyrimidine",
              "equals": "CT"
            }, {
              "symbol": "K",
              "name": "Keto",
              "equals": "GT"
            }
          ]
        },
        "background": [0.25, 0.25, 0.25, 0.25],
        "query_dbs": [
          {
            "source": "Results/Simulated_Data_Analysis_Test/Motif_Analysis/filters_meme.txt",
            "name": "filters_meme.txt",
            "loaded": 200,
            "excluded": 0,
            "last_modified": "Wed Feb 10 18:06:51 2021"
          }
        ],
        "target_dbs": [
          {
            "source": "/s/jawar/h/nobackup/fahad/MEME_SUITE/motif_databases/Homo_sapiens_testDFIM_v3.meme",
            "name": "Homo_sapiens_testDFIM_v3",
            "loaded": 9,
            "excluded": 0,
            "last_modified": "Wed Dec 18 18:04:32 2019"
          }
        ],
        "queries": [
          {
            "db": 0,
            "id": "filter0",
            "len": 13,
            "nsites": 3720,
            "pwm": [
              [0.0569052, 0.928782, 0.00700653, 0.00730652], 
              [0.0591051, 0.825185, 0.102804, 0.0129064], 
              [0.0105064, 0.00750652, 0.766086, 0.215901], 
              [0.0220083, 0.172119, 0.803765, 0.00210687], 
              [0.894683, 0.0559052, 0.00210666, 0.0473054], 
              [0.913482, 0.0738047, 0.00380662, 0.00890648], 
              [0.00210666, 0.0583052, 0.929382, 0.0102064], 
              [0.099894, 0.0668982, 0.0719976, 0.76121], 
              [0.0786967, 0.0732974, 0.768209, 0.0797966], 
              [0.2664, 0.224801, 0.2395, 0.269299], 
              [0.283799, 0.229601, 0.226401, 0.2602], 
              [0.274399, 0.221301, 0.2339, 0.270399], 
              [0.286799, 0.225301, 0.2315, 0.2564]
            ]
          }, {
            "db": 0,
            "id": "filter1",
            "len": 13,
            "nsites": 1893,
            "pwm": [
              [0.0053124, 0.0185104, 0.00211288, 0.974064], 
              [0.00111315, 0.000513179, 0.990961, 0.00741281], 
              [0.343695, 0.192903, 0.223001, 0.240401], 
              [0.483388, 0.152905, 0.0664097, 0.297298], 
              [0.411733, 0.330529, 0.15022, 0.107518], 
              [0.239877, 0.241976, 0.409551, 0.108597], 
              [0.119707, 0.300497, 0.179204, 0.400592], 
              [0.274626, 0.218824, 0.231924, 0.274626], 
              [0.274599, 0.228301, 0.242, 0.2551], 
              [0.275199, 0.229301, 0.229301, 0.266199], 
              [0.272499, 0.228301, 0.232501, 0.266699], 
              [0.273099, 0.221402, 0.224001, 0.281498], 
              [0.279426, 0.227724, 0.224024, 0.268826]
            ]
          }, {
            "db": 0,
            "id": "filter10",
            "len": 13,
            "nsites": 2366,
            "pwm": [
              [0.0667077, 0.353196, 0.000410549, 0.579686], 
              [0.0443131, 0.0105112, 0.596645, 0.348531], 
              [0.672515, 0.128292, 0.0780995, 0.121093], 
              [0.236701, 0.284399, 0.211402, 0.267499], 
              [0.0156099, 0.96917, 0.0063103, 0.00891019], 
              [0.0903067, 0.839175, 0.0287094, 0.0418088], 
              [0.221123, 0.277227, 0.435436, 0.0662144], 
              [0.236301, 0.190303, 0.355696, 0.217701], 
              [0.278099, 0.193202, 0.305098, 0.223601], 
              [0.386894, 0.197902, 0.205102, 0.210102], 
              [0.352696, 0.198302, 0.230401, 0.218601], 
              [0.229101, 0.195802, 0.322797, 0.2523], 
              [0.232101, 0.191102, 0.2473, 0.329497]
            ]
          }, {
            "db": 0,
            "id": "filter100",
            "len": 13,
            "nsites": 1474,
            "pwm": [
              [0.961352, 0.0257152, 0.00341673, 0.00951632], 
              [0.0379182, 0.946547, 0.00541713, 0.0101173], 
              [0.00611655, 0.903156, 0.0548132, 0.0359145], 
              [0.00611655, 0.616375, 0.00201682, 0.375491], 
              [0.0264152, 0.0426141, 0.785464, 0.145507], 
              [0.0359145, 0.198903, 0.742167, 0.0230154], 
              [0.778064, 0.148807, 0.0156159, 0.0575131], 
              [0.704269, 0.0940106, 0.0995102, 0.10221], 
              [0.125821, 0.0981201, 0.663738, 0.112321], 
              [0.117721, 0.10352, 0.10352, 0.675239], 
              [0.118409, 0.10891, 0.671871, 0.10081], 
              [0.267299, 0.228001, 0.230701, 0.273998], 
              [0.28147, 0.234778, 0.228679, 0.255074]
            ]
          }, {
            "db": 0,
            "id": "filter101",
            "len": 13,
            "nsites": 2265,
            "pwm": [
              [0.00791148, 0.245025, 0.0458136, 0.70125], 
              [0.789276, 0.0375094, 0.0388093, 0.134405], 
              [0.0339095, 0.232701, 0.0163103, 0.717079], 
              [0.113306, 0.0564085, 0.356995, 0.47329], 
              [0.2609, 0.577786, 0.126905, 0.0344095], 
              [0.0502138, 0.743553, 0.181121, 0.0251124], 
              [0.092107, 0.378994, 0.119006, 0.409893], 
              [0.257825, 0.236224, 0.251225, 0.254725], 
              [0.287798, 0.205402, 0.2428, 0.263999], 
              [0.289998, 0.234901, 0.228301, 0.2468], 
              [0.285598, 0.2424, 0.218601, 0.2534], 
              [0.291269, 0.21378, 0.243276, 0.251675], 
              [0.265273, 0.246376, 0.236677, 0.251675]
            ]
          }, {
            "db": 0,
            "id": "filter102",
            "len": 13,
            "nsites": 5852,
            "pwm": [
              [0.000304267, 0.073303, 0.111502, 0.81489], 
              [0.563138, 0.000204249, 0.331265, 0.105392], 
              [0.0043042, 0.178101, 0.00190424, 0.81569], 
              [0.162401, 0.399397, 0.165001, 0.2732], 
              [0.331965, 0.274572, 0.138488, 0.254974], 
              [0.341398, 0.282099, 0.313699, 0.0628032], 
              [0.2372, 0.289599, 0.210601, 0.2626], 
              [0.2657, 0.2444, 0.217701, 0.2722], 
              [0.295799, 0.2271, 0.2321, 0.245], 
              [0.277, 0.235, 0.2336, 0.2544], [0.2751, 0.224, 0.2326, 0.2683], 
              [0.287399, 0.2276, 0.2244, 0.2606], 
              [0.289799, 0.2211, 0.2365, 0.2526]
            ]
          }, {
            "db": 0,
            "id": "filter103",
            "len": 13,
            "nsites": 5148,
            "pwm": [
              [0.0772956, 0.00620412, 0.00160467, 0.914896], 
              [0.0516039, 0.943087, 0.000404848, 0.00490476], 
              [0.796789, 0.0557038, 0.0840032, 0.0635036], 
              [0.0299043, 0.0899031, 0.00190482, 0.878288], 
              [0.879088, 0.0245044, 0.0848032, 0.0116046], 
              [0.00370478, 0.0790033, 0.0373041, 0.879988], 
              [0.95839, 0.0113035, 0.00450432, 0.0258018], 
              [0.0819033, 0.044604, 0.0528038, 0.820689], 
              [0.276399, 0.221301, 0.2337, 0.2686], 
              [0.2733, 0.223401, 0.2255, 0.277799], 
              [0.2725, 0.2312, 0.2409, 0.2554], 
              [0.277799, 0.2325, 0.2308, 0.2589], 
              [0.253075, 0.231177, 0.234677, 0.281071]
            ]
          }, {
            "db": 0,
            "id": "filter104",
            "len": 13,
            "nsites": 1453,
            "pwm": [
              [0.000717086, 0.0405104, 0.0371109, 0.921662], 
              [0.125596, 0.408348, 0.378153, 0.0879024], 
              [0.0501188, 0.681538, 0.0782196, 0.190123], 
              [0.807062, 0.0728122, 0.00891659, 0.11121], 
              [0.369929, 0.375429, 0.224424, 0.0302181], 
              [0.208003, 0.500283, 0.118709, 0.173005], 
              [0.00551738, 0.00751744, 0.124921, 0.862044], 
              [0.293097, 0.229901, 0.227902, 0.2491], 
              [0.294397, 0.212103, 0.240901, 0.2526], 
              [0.276598, 0.225102, 0.237501, 0.260799], 
              [0.269026, 0.234025, 0.247125, 0.249825], 
              [0.266972, 0.243676, 0.213481, 0.275871], 
              [0.291026, 0.234025, 0.224424, 0.250525]
            ]
          }, {
            "db": 0,
            "id": "filter105",
            "len": 13,
            "nsites": 5508,
            "pwm": [
              [0.80349, 0.0784031, 0.0653034, 0.0528036], 
              [0.012903, 0.0598975, 0.0265014, 0.900698], 
              [0.0747032, 0.900188, 0.0102044, 0.0149043], 
              [0.82309, 0.0421038, 0.0223041, 0.112502], 
              [0.0194042, 0.0976028, 0.000704526, 0.882289], 
              [0.82149, 0.0735032, 0.00630442, 0.0987027], 
              [0.0203062, 0.06621, 0.042808, 0.870676], 
              [0.80201, 0.0583976, 0.0736958, 0.0658968], 
              [0.0735032, 0.0615034, 0.0684033, 0.79659], 
              [0.277772, 0.224078, 0.228378, 0.269773], 
              [0.284799, 0.221701, 0.2268, 0.2667], 
              [0.2723, 0.2337, 0.2413, 0.2527], 
              [0.2727, 0.2398, 0.221901, 0.2656]
            ]
          }, {
            "db": 0,
            "id": "filter106",
            "len": 13,
            "nsites": 1447,
            "pwm": [
              [0.0110165, 0.018616, 0.0159162, 0.954451], 
              [0.0558134, 0.0317151, 0.880756, 0.0317151], 
              [0.83046, 0.119209, 0.0152162, 0.0351149], 
              [0.622337, 0.246725, 0.0689194, 0.0620192], 
              [0.0682126, 0.507882, 0.371492, 0.0524137], 
              [0.321163, 0.0924017, 0.0455096, 0.540926], 
              [0.0083167, 0.164006, 0.738766, 0.0889111], 
              [0.441087, 0.160606, 0.201903, 0.196404], 
              [0.223302, 0.190904, 0.189504, 0.39629], 
              [0.218502, 0.176405, 0.38799, 0.217102], 
              [0.210903, 0.170905, 0.385291, 0.232901], 
              [0.227402, 0.155107, 0.204003, 0.413489], 
              [0.214324, 0.392829, 0.171623, 0.221224]
            ]
          }, {
            "db": 0,
            "id": "filter107",
            "len": 13,
            "nsites": 7467,
            "pwm": [
              [0.0166015, 0.0149017, 0.952795, 0.0157016], 
              [0.412798, 0.026403, 0.546096, 0.0147032], 
              [0.98689, 0.00630326, 0.00120333, 0.00560327], 
              [0.581996, 0.00520328, 0.403598, 0.00920322], 
              [0.0142032, 0.00860323, 0.571396, 0.405798], 
              [0.00470282, 0.00780246, 0.410657, 0.576838], 
              [0.150401, 0.153101, 0.695394, 0.00110333], 
              [0.2788, 0.2222, 0.2317, 0.2673], 
              [0.283, 0.2246, 0.2266, 0.2658], 
              [0.2747, 0.2219, 0.2241, 0.2793], 
              [0.274527, 0.233724, 0.227123, 0.264626], 
              [0.2788, 0.2191, 0.2304, 0.2717], 
              [0.272127, 0.223123, 0.228323, 0.276427]
            ]
          }, {
            "db": 0,
            "id": "filter108",
            "len": 13,
            "nsites": 2505,
            "pwm": [
              [0.00680903, 0.0307057, 0.179785, 0.7827], 
              [0.521689, 0.226001, 0.144704, 0.107606], 
              [0.00240964, 0.175785, 0.366259, 0.455546], 
              [0.48979, 0.0638074, 0.0339086, 0.412494], 
              [0.129518, 0.104016, 0.0546133, 0.711853], 
              [0.235201, 0.363095, 0.210002, 0.191702], 
              [0.0379085, 0.914673, 0.0442082, 0.00320985], 
              [0.269399, 0.2559, 0.211602, 0.263099], 
              [0.283799, 0.229201, 0.236701, 0.2503], 
              [0.259874, 0.231578, 0.253874, 0.254674], 
              [0.286999, 0.232001, 0.2419, 0.2391], 
              [0.304098, 0.232801, 0.217201, 0.2459], 
              [0.286599, 0.215201, 0.2531, 0.2451]
            ]
          }, {
            "db": 0,
            "id": "filter109",
            "len": 13,
            "nsites": 1849,
            "pwm": [
              [0.0022134, 0.907664, 0.000513493, 0.0896087], 
              [0.56884, 0.0345151, 0.0372152, 0.35943], 
              [0.832085, 0.00161327, 0.02271, 0.143591], 
              [0.380993, 0.485187, 0.0135128, 0.120307], 
              [0.189403, 0.468988, 0.138706, 0.202903], 
              [0.386931, 0.398332, 0.0372152, 0.177522], 
              [0.111208, 0.0621102, 0.605981, 0.220702], 
              [0.213181, 0.169487, 0.404151, 0.213181], 
              [0.390692, 0.158105, 0.236401, 0.214802], 
              [0.385854, 0.185085, 0.188884, 0.240177], 
              [0.269272, 0.173787, 0.354559, 0.202382], 
              [0.224501, 0.189403, 0.187803, 0.398292], 
              [0.227201, 0.221302, 0.337295, 0.214202]
            ]
          }, {
            "db": 0,
            "id": "filter11",
            "len": 13,
            "nsites": 408,
            "pwm": [
              [0.0850404, 0.664898, 0.186915, 0.0631458], 
              [0.0874398, 0.757176, 0.0752428, 0.0801416], 
              [0.696491, 0.00975888, 0.058347, 0.235404], 
              [0.0243529, 0.822577, 0.041347, 0.111723], 
              [0.0340529, 0.0218559, 0.648002, 0.296089], 
              [0.320351, 0.29366, 0.274267, 0.111723], 
              [0.041347, 0.174801, 0.0146562, 0.769196], 
              [0.257298, 0.216008, 0.254899, 0.271795], 
              [0.283992, 0.213609, 0.218408, 0.283992], 
              [0.298518, 0.242726, 0.21843, 0.240326], 
              [0.274294, 0.230605, 0.233004, 0.262097], 
              [0.281564, 0.203891, 0.223284, 0.291261], 
              [0.308255, 0.232981, 0.203891, 0.254873]
            ]
          }, {
            "db": 0,
            "id": "filter110",
            "len": 13,
            "nsites": 2739,
            "pwm": [
              [0.425794, 0.198702, 0.314998, 0.0605069], 
              [0.0452075, 0.466592, 0.271599, 0.216601], 
              [0.462292, 0.059407, 0.417094, 0.0612069], 
              [0.0725065, 0.925275, 0.000409112, 0.00180906], 
              [0.321497, 0.607387, 0.059107, 0.0120087], 
              [0.2443, 0.271199, 0.2625, 0.222001], 
              [0.0182085, 0.473592, 0.0689066, 0.439293], 
              [0.280699, 0.223101, 0.2501, 0.2461], 
              [0.270526, 0.218723, 0.245725, 0.265026], 
              [0.293098, 0.211801, 0.2366, 0.2585], 
              [0.291298, 0.219501, 0.2377, 0.2515], 
              [0.274499, 0.215101, 0.230401, 0.279999], 
              [0.296798, 0.214701, 0.222001, 0.266499]
            ]
          }, {
            "db": 0,
            "id": "filter111",
            "len": 13,
            "nsites": 1448,
            "pwm": [
              [0.00141703, 0.00141703, 0.00281679, 0.994349], 
              [0.0145163, 0.10261, 0.0255155, 0.857358], 
              [0.258999, 0.223102, 0.0124164, 0.505482], 
              [0.218302, 0.479284, 0.167406, 0.135008], 
              [0.318195, 0.500683, 0.0964106, 0.0847114], 
              [0.210103, 0.225202, 0.555079, 0.0096166], 
              [0.10951, 0.279598, 0.0441142, 0.566778], 
              [0.267899, 0.225902, 0.238301, 0.267899], 
              [0.274126, 0.219024, 0.253425, 0.253425], 
              [0.266526, 0.219024, 0.254825, 0.259625], 
              [0.297526, 0.204524, 0.247925, 0.250025], 
              [0.283098, 0.225202, 0.2486, 0.2431], 
              [0.300297, 0.224502, 0.219002, 0.2562]
            ]
          }, {
            "db": 0,
            "id": "filter112",
            "len": 13,
            "nsites": 863,
            "pwm": [
              [0.110716, 0.329891, 0.0288256, 0.530567], 
              [0.367886, 0.399083, 0.0542227, 0.178808], 
              [0.315992, 0.258399, 0.0750203, 0.350588], 
              [0.0334284, 0.782017, 0.00462889, 0.179926], 
              [0.116527, 0.622819, 0.117627, 0.143027], 
              [0.228403, 0.447477, 0.2526, 0.0715207], 
              [0.349454, 0.31946, 0.245676, 0.0854105], 
              [0.282596, 0.192607, 0.273397, 0.2514], 
              [0.352888, 0.191507, 0.188007, 0.267598], 
              [0.36555, 0.189188, 0.223781, 0.221481], 
              [0.268725, 0.205326, 0.291824, 0.234125], 
              [0.248, 0.185707, 0.267598, 0.298694], 
              [0.239901, 0.196106, 0.304494, 0.259499]
            ]
          }, {
            "db": 0,
            "id": "filter113",
            "len": 13,
            "nsites": 914,
            "pwm": [
              [0.179708, 0.52507, 0.0817184, 0.213504], 
              [0.0904175, 0.223303, 0.0142258, 0.672054], 
              [0.492373, 0.367087, 0.0087264, 0.131813], 
              [0.265798, 0.136212, 0.254899, 0.34309], 
              [0.0196252, 0.79954, 0.00112723, 0.179708], 
              [0.168826, 0.0697267, 0.75272, 0.00872727], 
              [0.352889, 0.209204, 0.0174254, 0.420481], 
              [0.275597, 0.235302, 0.238601, 0.2505], 
              [0.257074, 0.228779, 0.228779, 0.285368], 
              [0.286496, 0.234202, 0.228802, 0.2505], 
              [0.309394, 0.211304, 0.235302, 0.244001], 
              [0.265825, 0.232025, 0.241825, 0.260325], 
              [0.272325, 0.232025, 0.233125, 0.262525]
            ]
          }, {
            "db": 0,
            "id": "filter114",
            "len": 13,
            "nsites": 1619,
            "pwm": [
              [0.0351133, 0.791067, 0.00621506, 0.167605], 
              [0.627839, 0.0474173, 0.0290165, 0.295727], 
              [0.907559, 0.0320135, 0.000615404, 0.0598117], 
              [0.00311525, 0.500885, 0.0265138, 0.469486], 
              [0.199603, 0.529883, 0.0912098, 0.179304], 
              [0.0801105, 0.357393, 0.230401, 0.332095], 
              [0.0271138, 0.0222141, 0.539682, 0.41099], 
              [0.194103, 0.160806, 0.431889, 0.213202], 
              [0.381392, 0.151006, 0.177404, 0.290198], 
              [0.465187, 0.183004, 0.160206, 0.191604], 
              [0.213202, 0.182404, 0.336995, 0.267399], 
              [0.218102, 0.252, 0.166405, 0.363493], 
              [0.28097, 0.176187, 0.34196, 0.200883]
            ]
          }, {
            "db": 0,
            "id": "filter115",
            "len": 13,
            "nsites": 1569,
            "pwm": [
              [0.0159149, 0.765367, 0.00321573, 0.215502], 
              [0.00321573, 0.0108152, 0.938956, 0.0470129], 
              [0.0833023, 0.0833023, 0.575922, 0.257474], 
              [0.497784, 0.135407, 0.0114152, 0.355393], 
              [0.15579, 0.304466, 0.172288, 0.367456], 
              [0.278398, 0.218702, 0.270199, 0.232701], 
              [0.636375, 0.203403, 0.159606, 0.000615894], 
              [0.276498, 0.230801, 0.226302, 0.266399], 
              [0.275926, 0.233924, 0.226324, 0.263826], 
              [0.268899, 0.239701, 0.239701, 0.2517], 
              [0.280998, 0.223102, 0.2422, 0.2537], 
              [0.288026, 0.207223, 0.254925, 0.249825], 
              [0.261299, 0.216102, 0.2543, 0.268299]
            ]
          }, {
            "db": 0,
            "id": "filter116",
            "len": 13,
            "nsites": 1125,
            "pwm": [
              [0.59077, 0.263099, 0.0425184, 0.103613], 
              [0.186006, 0.676662, 0.00622167, 0.131111], 
              [0.0735157, 0.774953, 0.13911, 0.0124211], 
              [0.419785, 0.273698, 0.0523176, 0.2542], 
              [0.00532228, 0.147924, 0.70593, 0.140824], 
              [0.550028, 0.285225, 0.142624, 0.0221225], 
              [0.376426, 0.328626, 0.0531228, 0.241825], 
              [0.327693, 0.209004, 0.225002, 0.238301], 
              [0.2507, 0.224102, 0.314394, 0.210803], 
              [0.239101, 0.196605, 0.225902, 0.338392], 
              [0.236501, 0.2551, 0.289596, 0.218803], 
              [0.224102, 0.236501, 0.270998, 0.268398], 
              [0.241801, 0.219703, 0.297596, 0.240901]
            ]
          }, {
            "db": 0,
            "id": "filter117",
            "len": 13,
            "nsites": 5042,
            "pwm": [
              [0.832288, 0.0377042, 0.0801034, 0.049904], 
              [0.075111, 0.038408, 0.0188065, 0.867675], 
              [0.0212045, 0.911987, 0.0028049, 0.0640037], 
              [0.895787, 0.0111047, 0.00040495, 0.0927031], 
              [0.00340489, 0.0410041, 0.00420487, 0.951386], 
              [0.916895, 0.0335009, 0.0147032, 0.0349008], 
              [0.00550485, 0.0254045, 0.0325043, 0.936586], 
              [0.843073, 0.050109, 0.0511091, 0.0557094], 
              [0.0563038, 0.045804, 0.050504, 0.847388], 
              [0.2747, 0.2251, 0.224101, 0.276099], 
              [0.275299, 0.2265, 0.224701, 0.2735], 
              [0.274872, 0.232877, 0.233077, 0.259174], 
              [0.280427, 0.235624, 0.224123, 0.259826]
            ]
          }, {
            "db": 0,
            "id": "filter118",
            "len": 13,
            "nsites": 5096,
            "pwm": [
              [0.155302, 0.00820474, 0.00140488, 0.835089], 
              [0.824889, 0.160402, 0.00180487, 0.0129047], 
              [0.00250486, 0.169002, 0.0124047, 0.816089], 
              [0.0055048, 0.980786, 0.00330484, 0.0104047], 
              [0.818189, 0.00820474, 0.166302, 0.00730476], 
              [0.00690408, 0.0259018, 0.137089, 0.830106], 
              [0.986086, 0.00330484, 0.00590479, 0.00470481], 
              [0.145302, 0.0233044, 0.0214045, 0.809989], 
              [0.817589, 0.0239044, 0.126102, 0.0324043], 
              [0.0355042, 0.0288043, 0.0243044, 0.911387], 
              [0.250575, 0.200981, 0.307468, 0.240976], 
              [0.272, 0.224301, 0.2304, 0.2733], 
              [0.279199, 0.2273, 0.2345, 0.259]
            ]
          }, {
            "db": 0,
            "id": "filter119",
            "len": 13,
            "nsites": 4705,
            "pwm": [
              [0.0123063, 0.0537095, 0.871974, 0.0620102], 
              [0.872387, 0.0463043, 0.00590519, 0.0754037], 
              [0.889697, 0.0319014, 0.0172032, 0.0611979], 
              [0.00640518, 0.0248048, 0.954985, 0.013805], 
              [0.016405, 0.00790515, 0.000805296, 0.974885], 
              [0.000805296, 0.013805, 0.980484, 0.00490521], 
              [0.286499, 0.214701, 0.2389, 0.2599], 
              [0.291128, 0.230423, 0.224023, 0.254425], 
              [0.274972, 0.217479, 0.226378, 0.281171], 
              [0.2714, 0.2378, 0.216401, 0.274399], 
              [0.283471, 0.226178, 0.236577, 0.253775], 
              [0.2735, 0.216001, 0.223801, 0.286699], 
              [0.272672, 0.226178, 0.233777, 0.267373]
            ]
          }, {
            "db": 0,
            "id": "filter12",
            "len": 13,
            "nsites": 1325,
            "pwm": [
              [0.0474153, 0.700466, 0.212203, 0.0399159], 
              [0.768961, 0.0309165, 0.0790129, 0.12111], 
              [0.61921, 0.33706, 0.00681767, 0.0369124], 
              [0.443185, 0.183605, 0.136909, 0.236301], 
              [0.185886, 0.544723, 0.1076, 0.16179], 
              [0.141508, 0.291897, 0.2438, 0.322795], 
              [0.259599, 0.133909, 0.464284, 0.142208], 
              [0.237801, 0.192604, 0.338593, 0.231001], 
              [0.327327, 0.169323, 0.257325, 0.246025], 
              [0.360392, 0.200904, 0.206203, 0.232501], 
              [0.274626, 0.186623, 0.246825, 0.291926], 
              [0.237777, 0.231778, 0.239277, 0.291168], 
              [0.28067, 0.207682, 0.261073, 0.250575]
            ]
          }, {
            "db": 0,
            "id": "filter120",
            "len": 13,
            "nsites": 1565,
            "pwm": [
              [0.203303, 0.584379, 0.0268143, 0.185504], 
              [0.0433175, 0.0191167, 0.425131, 0.512434], 
              [0.0733113, 0.317396, 0.316096, 0.293197], 
              [0.67814, 0.10832, 0.0427175, 0.170822], 
              [0.533482, 0.0599121, 0.0089154, 0.397691], 
              [0.0612121, 0.270899, 0.646875, 0.0210146], 
              [0.000615935, 0.09311, 0.0510127, 0.855261], 
              [0.226901, 0.196303, 0.365193, 0.211602], 
              [0.279798, 0.216702, 0.259999, 0.2435], 
              [0.307196, 0.195004, 0.237101, 0.260699], 
              [0.291897, 0.230701, 0.208403, 0.268999], 
              [0.289369, 0.241576, 0.232578, 0.236477], 
              [0.292527, 0.216724, 0.251125, 0.239625]
            ]
          }, {
            "db": 0,
            "id": "filter121",
            "len": 13,
            "nsites": 1417,
            "pwm": [
              [0.171706, 0.0289156, 0.490483, 0.308896], 
              [0.42223, 0.0598194, 0.384229, 0.133722], 
              [0.00351739, 0.306096, 0.218202, 0.472184], 
              [0.0887114, 0.0077171, 0.332194, 0.571377], 
              [0.458131, 0.306127, 0.0225183, 0.213224], 
              [0.2456, 0.377191, 0.187904, 0.189304], 
              [0.301896, 0.293497, 0.10131, 0.303296], 
              [0.289868, 0.254774, 0.217481, 0.237877], 
              [0.319495, 0.204103, 0.232201, 0.2442], 
              [0.285697, 0.211803, 0.225902, 0.276598], 
              [0.270926, 0.228024, 0.265325, 0.235725], 
              [0.296967, 0.201283, 0.242776, 0.258973], 
              [0.275898, 0.206203, 0.254, 0.263899]
            ]
          }, {
            "db": 0,
            "id": "filter122",
            "len": 13,
            "nsites": 1637,
            "pwm": [
              [0.0177142, 0.674574, 0.00301509, 0.304697], 
              [0.00181516, 0.069511, 0.916459, 0.0122145], 
              [0.0500122, 0.0146144, 0.445488, 0.489885], 
              [0.293097, 0.2492, 0.00551493, 0.452188], 
              [0.0396129, 0.460087, 0.463087, 0.037213], 
              [0.202903, 0.506984, 0.134107, 0.156006], 
              [0.0360095, 0.252875, 0.251675, 0.459441], 
              [0.262025, 0.197423, 0.241325, 0.299227], 
              [0.263899, 0.2559, 0.237101, 0.2431], 
              [0.305897, 0.235201, 0.217602, 0.241301], 
              [0.293727, 0.209623, 0.216924, 0.279726], 
              [0.266872, 0.251075, 0.230978, 0.251075], 
              [0.274798, 0.234001, 0.234601, 0.2566]
            ]
          }, {
            "db": 0,
            "id": "filter123",
            "len": 13,
            "nsites": 2201,
            "pwm": [
              [0.0739154, 0.846758, 0.029913, 0.0494141], 
              [0.754253, 0.0816158, 0.0689151, 0.0952166], 
              [0.390894, 0.170504, 0.331096, 0.107506], 
              [0.066215, 0.33653, 0.114718, 0.482538], 
              [0.339662, 0.400853, 0.0658018, 0.193683], 
              [0.545087, 0.117906, 0.213602, 0.123406], 
              [0.389094, 0.0934071, 0.46759, 0.0499091], 
              [0.271699, 0.206302, 0.275699, 0.2463], 
              [0.314697, 0.197302, 0.210002, 0.277999], 
              [0.336096, 0.223101, 0.211302, 0.229501], 
              [0.267972, 0.201382, 0.265773, 0.264873], 
              [0.2522, 0.230401, 0.2467, 0.270699], 
              [0.302928, 0.194122, 0.254425, 0.248525]
            ]
          }, {
            "db": 0,
            "id": "filter124",
            "len": 13,
            "nsites": 4290,
            "pwm": [
              [0.0116067, 0.731762, 0.112714, 0.143917], 
              [0.214001, 0.034905, 0.706589, 0.0445048], 
              [0.0147055, 0.0894037, 0.710289, 0.185602], 
              [0.827887, 0.0869038, 0.00350575, 0.0817039], 
              [0.791287, 0.037305, 0.00190578, 0.169502], 
              [0.00610569, 0.159102, 0.821087, 0.0137055], 
              [0.00280576, 0.0235053, 0.00230577, 0.971383], 
              [0.104603, 0.0852038, 0.714289, 0.0959036], 
              [0.2711, 0.223601, 0.2345, 0.2708], 
              [0.285328, 0.225423, 0.235424, 0.253825], 
              [0.277799, 0.216601, 0.2329, 0.272699], 
              [0.279727, 0.234024, 0.219823, 0.266426], 
              [0.283399, 0.226101, 0.2385, 0.252]
            ]
          }, {
            "db": 0,
            "id": "filter125",
            "len": 13,
            "nsites": 1562,
            "pwm": [
              [0.157722, 0.0140165, 0.67884, 0.149421], 
              [0.060706, 0.630213, 0.00771474, 0.301367], 
              [0.0364137, 0.0032158, 0.240101, 0.72027], 
              [0.317996, 0.512783, 0.0185148, 0.150706], 
              [0.624538, 0.028717, 0.270126, 0.0766188], 
              [0.542081, 0.141107, 0.116909, 0.199903], 
              [0.396551, 0.21648, 0.231178, 0.15579], 
              [0.289297, 0.264999, 0.203703, 0.242001], 
              [0.250325, 0.265626, 0.236925, 0.247125], 
              [0.268199, 0.218402, 0.288598, 0.224802], 
              [0.269472, 0.214581, 0.272671, 0.243276], 
              [0.290497, 0.208203, 0.2471, 0.2542], 
              [0.312265, 0.193484, 0.243276, 0.250975]
            ]
          }, {
            "db": 0,
            "id": "filter126",
            "len": 13,
            "nsites": 6390,
            "pwm": [
              [0.0164037, 0.0668029, 0.0877025, 0.829091], 
              [0.754792, 0.156201, 0.0152037, 0.0738028], 
              [0.0874025, 0.0167037, 0.133902, 0.761992], 
              [0.000503904, 0.716793, 0.142602, 0.140102], 
              [0.922689, 0.0765027, 0.000203909, 0.000603903], 
              [0.0863026, 0.0755027, 0.0429032, 0.795291], 
              [0.773092, 0.0974024, 0.0164037, 0.113102], 
              [0.115391, 0.0872938, 0.0819944, 0.715321], 
              [0.726493, 0.0929025, 0.0879025, 0.0927025], 
              [0.106013, 0.0830109, 0.0890114, 0.721965], 
              [0.277772, 0.215379, 0.236577, 0.270273], 
              [0.2754, 0.2221, 0.2382, 0.2643], 
              [0.286499, 0.2279, 0.2329, 0.2527]
            ]
          }, {
            "db": 0,
            "id": "filter127",
            "len": 13,
            "nsites": 822,
            "pwm": [
              [0.029124, 0.00123014, 0.95022, 0.0194261], 
              [0.0109291, 0.285696, 0.421279, 0.282096], 
              [0.0521189, 0.203385, 0.00732879, 0.737167], 
              [0.0642226, 0.560462, 0.347488, 0.027827], 
              [0.785713, 0.118628, 0.0133301, 0.0823286], 
              [0.462474, 0.418879, 0.00123026, 0.117416], 
              [0.0496244, 0.194907, 0.211905, 0.543564], 
              [0.263898, 0.349888, 0.186408, 0.199806], 
              [0.344988, 0.227603, 0.214304, 0.213104], 
              [0.233679, 0.167093, 0.244576, 0.354652], 
              [0.265125, 0.215526, 0.276024, 0.243325], 
              [0.321991, 0.211905, 0.220304, 0.245801], 
              [0.314792, 0.214304, 0.228803, 0.242101]
            ]
          }, {
            "db": 0,
            "id": "filter128",
            "len": 13,
            "nsites": 5457,
            "pwm": [
              [0.00380451, 0.0670034, 0.000204578, 0.928988], 
              [0.160602, 0.79399, 0.0236041, 0.0218042], 
              [0.979487, 0.000204578, 0.0099044, 0.0104044], 
              [0.0115044, 0.0146043, 0.203301, 0.77059], 
              [0.879176, 0.0496086, 0.0604095, 0.0108055], 
              [0.00180455, 0.0507037, 0.0643034, 0.883188], 
              [0.864802, 0.0735959, 0.0330007, 0.0286012], 
              [0.0791031, 0.0557036, 0.0659034, 0.79929], 
              [0.2765, 0.221401, 0.2283, 0.2738], 
              [0.279599, 0.219701, 0.2302, 0.2705], 
              [0.277999, 0.2318, 0.2283, 0.2619], 
              [0.2758, 0.2366, 0.2252, 0.2624], 
              [0.2597, 0.2309, 0.2333, 0.2761]
            ]
          }, {
            "db": 0,
            "id": "filter129",
            "len": 13,
            "nsites": 1189,
            "pwm": [
              [0.0587161, 0.898545, 0.0134199, 0.0293186], 
              [0.715832, 0.223825, 0.0142213, 0.0461218], 
              [0.560774, 0.263999, 0.0671154, 0.108112], 
              [0.520477, 0.0562163, 0.394788, 0.0285186], 
              [0.0419217, 0.465228, 0.185224, 0.307626], 
              [0.00252081, 0.162607, 0.138309, 0.696562], 
              [0.179406, 0.102312, 0.463482, 0.2548], 
              [0.270698, 0.221302, 0.254, 0.254], 
              [0.272398, 0.220502, 0.228802, 0.278298], 
              [0.293367, 0.238077, 0.216281, 0.252275], 
              [0.284997, 0.237201, 0.227202, 0.2506], 
              [0.269071, 0.22298, 0.249775, 0.258173], 
              [0.267399, 0.208703, 0.2506, 0.273298]
            ]
          }, {
            "db": 0,
            "id": "filter13",
            "len": 13,
            "nsites": 3399,
            "pwm": [
              [0.726086, 0.0088071, 0.0403062, 0.224801], 
              [0.341197, 0.104604, 0.0088071, 0.545391], 
              [0.667321, 0.153687, 0.13399, 0.0450015], 
              [0.220679, 0.36406, 0.0350028, 0.380258], 
              [0.376996, 0.411095, 0.0338064, 0.178102], 
              [0.293599, 0.124604, 0.208601, 0.373196], 
              [0.139903, 0.161003, 0.2357, 0.463394], 
              [0.288299, 0.208101, 0.2615, 0.2421], 
              [0.290299, 0.212201, 0.227201, 0.270299], 
              [0.31913, 0.195421, 0.232424, 0.253025], 
              [0.272099, 0.201301, 0.2451, 0.281499], 
              [0.2665, 0.216601, 0.2501, 0.2668], 
              [0.307398, 0.213301, 0.230101, 0.2492]
            ]
          }, {
            "db": 0,
            "id": "filter130",
            "len": 13,
            "nsites": 4004,
            "pwm": [
              [0.897274, 0.0254081, 0.0726117, 0.0047066], 
              [0.957282, 0.0135059, 0.0150059, 0.0142059], 
              [0.0716045, 0.139003, 0.779187, 0.010206], 
              [0.00770605, 0.143003, 0.0127059, 0.836585], 
              [0.0941039, 0.0818042, 0.812886, 0.011206], 
              [0.221301, 0.337098, 0.380497, 0.0611047], 
              [0.232, 0.190401, 0.459095, 0.118503], 
              [0.310398, 0.191901, 0.2455, 0.2522], 
              [0.308399, 0.217101, 0.201301, 0.273199], 
              [0.294428, 0.205822, 0.265226, 0.234524], 
              [0.2478, 0.200601, 0.212801, 0.338798], 
              [0.2562, 0.2393, 0.2575, 0.247], 
              [0.275699, 0.215301, 0.2445, 0.2645]
            ]
          }, {
            "db": 0,
            "id": "filter131",
            "len": 13,
            "nsites": 9684,
            "pwm": [
              [0.00240256, 0.531497, 0.445898, 0.0202024], 
              [0.501297, 0.00910249, 0.484098, 0.00550252], 
              [0.0115013, 0.0586961, 0.014601, 0.915202], 
              [0.911484, 0.0396061, 0.00110268, 0.0478069], 
              [0.0124025, 0.0903016, 0.0103025, 0.886993], 
              [0.435498, 0.507497, 0.00680251, 0.0502021], 
              [0.483698, 0.0345022, 0.0207024, 0.461098], 
              [0.162385, 0.130388, 0.136388, 0.57084], 
              [0.573997, 0.130901, 0.136101, 0.159001], 
              [0.164417, 0.135215, 0.135815, 0.564553], 
              [0.576754, 0.139115, 0.132414, 0.151716], 
              [0.151901, 0.133601, 0.136701, 0.577797], 
              [0.2807, 0.2223, 0.2364, 0.2606]
            ]
          }, {
            "db": 0,
            "id": "filter132",
            "len": 13,
            "nsites": 1452,
            "pwm": [
              [0.888656, 0.0570133, 0.00141712, 0.0529136], 
              [0.747866, 0.0350148, 0.0859113, 0.131208], 
              [0.382553, 0.256174, 0.105099, 0.256174], 
              [0.00481689, 0.00271703, 0.168306, 0.82416], 
              [0.177905, 0.429888, 0.0680125, 0.324195], 
              [0.229401, 0.240401, 0.325495, 0.204703], 
              [0.173805, 0.280198, 0.319395, 0.226602], 
              [0.262399, 0.212203, 0.260299, 0.265099], 
              [0.275398, 0.204003, 0.206003, 0.314596], 
              [0.311096, 0.216302, 0.215702, 0.2569], 
              [0.282969, 0.208082, 0.22118, 0.287769], 
              [0.260273, 0.273371, 0.230078, 0.236277], 
              [0.310396, 0.215002, 0.221202, 0.2534]
            ]
          }, {
            "db": 0,
            "id": "filter133",
            "len": 13,
            "nsites": 1735,
            "pwm": [
              [0.124795, 0.334662, 0.447344, 0.0931997], 
              [0.761947, 0.0460164, 0.0454163, 0.146621], 
              [0.487635, 0.231724, 0.13742, 0.14322], 
              [0.0989087, 0.2461, 0.457188, 0.197803], 
              [0.523284, 0.284598, 0.191503, 0.000614374], 
              [0.13572, 0.60784, 0.00401458, 0.252425], 
              [0.215624, 0.0661172, 0.278326, 0.439933], 
              [0.257025, 0.215624, 0.274926, 0.252425], 
              [0.327196, 0.213902, 0.211602, 0.2473], 
              [0.335829, 0.206423, 0.213923, 0.243825], 
              [0.253, 0.223702, 0.287498, 0.235801], 
              [0.294397, 0.193203, 0.210502, 0.301897], 
              [0.260499, 0.219102, 0.277198, 0.2432]
            ]
          }, {
            "db": 0,
            "id": "filter134",
            "len": 13,
            "nsites": 1722,
            "pwm": [
              [0.00351396, 0.0209112, 0.0168119, 0.958763], 
              [0.114119, 0.178422, 0.437433, 0.270026], 
              [0.731672, 0.137307, 0.0174135, 0.113608], 
              [0.555038, 0.38063, 0.0139151, 0.0504166], 
              [0.0214133, 0.492486, 0.447289, 0.0388123], 
              [0.144821, 0.176722, 0.0394162, 0.639041], 
              [0.0139137, 0.232301, 0.607779, 0.146006], 
              [0.335495, 0.173204, 0.261899, 0.229401], 
              [0.279298, 0.185404, 0.2445, 0.290798], 
              [0.276926, 0.210323, 0.274026, 0.238725], 
