<!DOCTYPE HTML>
<html>
  <head>
    <meta charset="UTF-8">
    <title>TOMTOM</title>
    <script>
      // @JSON_VAR data
      var data = {
        "program": "Tomtom",
        "version": "5.0.3",
        "release": "Sun Dec 02 18:41:45 2018 -0800",
        "cmd": [
          "tomtom", "-dist", "ed", "-thresh", "0.05", "-oc",
          "Results/TAL-GATA_binaryFeat_Analysis_allTFs_euclidean_v8_from_customTFs/Motif_Analysis/tomtom",
          "Results/TAL-GATA_binaryFeat_Analysis_allTFs_euclidean_v8_from_customTFs/Motif_Analysis/filters_meme.txt",
          "/s/jawar/h/nobackup/fahad/MEME_SUITE/motif_databases/CIS-BP/Homo_sapiens.meme"
        ],
        "options": {
          "strands": "both",
          "distance_measure": "ed",
          "threshold_type": "qvalue",
          "threshold_value": 0.05,
          "background_source": "--query--"
        },
        "alphabet": {
          "name": "DNA",
          "like": "dna",
          "ncore": 4,
          "symbols": [
            {
              "symbol": "A",
              "name": "Adenine",
              "colour": "CC0000",
              "complement": "T"
            }, {
              "symbol": "C",
              "name": "Cytosine",
              "colour": "0000CC",
              "complement": "G"
            }, {
              "symbol": "G",
              "name": "Guanine",
              "colour": "FFB300",
              "complement": "C"
            }, {
              "symbol": "T",
              "aliases": "U",
              "name": "Thymine",
              "colour": "008000",
              "complement": "A"
            }, {
              "symbol": "N",
              "aliases": "X.",
              "name": "Any base",
              "equals": "ACGT"
            }, {
              "symbol": "V",
              "name": "Not T",
              "equals": "ACG"
            }, {
              "symbol": "H",
              "name": "Not G",
              "equals": "ACT"
            }, {
              "symbol": "D",
              "name": "Not C",
              "equals": "AGT"
            }, {
              "symbol": "B",
              "name": "Not A",
              "equals": "CGT"
            }, {
              "symbol": "M",
              "name": "Amino",
              "equals": "AC"
            }, {
              "symbol": "R",
              "name": "Purine",
              "equals": "AG"
            }, {
              "symbol": "W",
              "name": "Weak",
              "equals": "AT"
            }, {
              "symbol": "S",
              "name": "Strong",
              "equals": "CG"
            }, {
              "symbol": "Y",
              "name": "Pyrimidine",
              "equals": "CT"
            }, {
              "symbol": "K",
              "name": "Keto",
              "equals": "GT"
            }
          ]
        },
        "background": [0.25, 0.25, 0.25, 0.25],
        "query_dbs": [
          {
            "source": "Results/TAL-GATA_binaryFeat_Analysis_allTFs_euclidean_v8_from_customTFs/Motif_Analysis/filters_meme.txt",
            "name": "filters_meme.txt",
            "loaded": 200,
            "excluded": 0,
            "last_modified": "Sat Feb  6 00:21:03 2021"
          }
        ],
        "target_dbs": [
          {
            "source": "/s/jawar/h/nobackup/fahad/MEME_SUITE/motif_databases/CIS-BP/Homo_sapiens.meme",
            "name": "Homo_sapiens",
            "loaded": 733,
            "excluded": 0,
            "last_modified": "Tue Aug 28 14:58:21 2018"
          }
        ],
        "queries": [
          {
            "db": 0,
            "id": "filter0",
            "len": 13,
            "nsites": 4952,
            "pwm": [
              [0.939286, 0.0256045, 0.000605036, 0.0345044], 
              [0.00750415, 0.133589, 0.858702, 0.000205024], 
              [0.329498, 0.506095, 0.164202, 0.000205044], 
              [0.359998, 0.441696, 0.0377043, 0.160602], 
              [0.00730417, 0.399457, 0.0512989, 0.54194], 
              [0.0343044, 0.2702, 0.194501, 0.500995], 
              [0.204401, 0.185401, 0.212901, 0.397297], 
              [0.2274, 0.2536, 0.222601, 0.296399], 
              [0.262926, 0.217722, 0.276827, 0.242524], 
              [0.279072, 0.21028, 0.248975, 0.261674], 
              [0.250975, 0.213679, 0.267973, 0.267373], 
              [0.289528, 0.232224, 0.204021, 0.274227], 
              [0.255874, 0.235677, 0.229577, 0.278872]
            ]
          }, {
            "db": 0,
            "id": "filter1",
            "len": 13,
            "nsites": 2185,
            "pwm": [
              [0.126518, 0.0219126, 0.53494, 0.316629], 
              [0.243, 0.441291, 0.299698, 0.0160107], 
              [0.120606, 0.320697, 0.349895, 0.208802], 
              [0.0927165, 0.34443, 0.411634, 0.15122], 
              [0.206002, 0.0283101, 0.176803, 0.588884], 
              [0.129306, 0.0288101, 0.330296, 0.511588], 
              [0.0685083, 0.000511418, 0.119206, 0.811774], 
              [0.214702, 0.228901, 0.270899, 0.285498], 
              [0.2398, 0.238001, 0.225701, 0.296498], 
              [0.268199, 0.220601, 0.231601, 0.279599], 
              [0.2595, 0.238901, 0.213802, 0.287798], 
              [0.259, 0.225201, 0.227501, 0.288298], 
              [0.262699, 0.217901, 0.2403, 0.279099]
            ]
          }, {
            "db": 0,
            "id": "filter10",
            "len": 13,
            "nsites": 835,
            "pwm": [
              [0.255099, 0.113216, 0.152612, 0.479073], 
              [0.423122, 0.0667286, 0.296824, 0.213326], 
              [0.317024, 0.128727, 0.234825, 0.319424], 
              [0.147812, 0.0894192, 0.180008, 0.58276], 
              [0.525567, 0.108517, 0.121615, 0.244301], 
              [0.0524237, 0.0620225, 0.0262268, 0.859327], 
              [0.280124, 0.595918, 0.0548289, 0.0691286], 
              [0.345589, 0.2491, 0.0763208, 0.328991], 
              [0.33609, 0.184708, 0.194307, 0.284896], 
              [0.288395, 0.181208, 0.230002, 0.300394], 
              [0.314692, 0.189507, 0.199006, 0.296794], 
              [0.303894, 0.190707, 0.190707, 0.314692], 
              [0.295595, 0.207405, 0.194307, 0.302694]
            ]
          }, {
            "db": 0,
            "id": "filter100",
            "len": 13,
            "nsites": 1328,
            "pwm": [
              [0.192204, 0.266499, 0.0661138, 0.475183], 
              [0.00751826, 0.554777, 0.436886, 0.000818764], 
              [0.623072, 0.193704, 0.000818764, 0.182405], 
              [0.0158161, 0.375353, 0.0518097, 0.557021], 
              [0.000818684, 0.515728, 0.232678, 0.250775], 
              [0.00381854, 0.220002, 0.077313, 0.698866], 
              [0.523979, 0.0368161, 0.362592, 0.0766131], 
              [0.288997, 0.206503, 0.2553, 0.2492], 
              [0.286769, 0.230478, 0.258274, 0.224479], 
              [0.25, 0.2515, 0.218502, 0.279998], 
              [0.276298, 0.2447, 0.213203, 0.265799], 
              [0.270998, 0.229002, 0.235701, 0.264299], 
              [0.282998, 0.212503, 0.244, 0.260499]
            ]
          }, {
            "db": 0,
            "id": "filter101",
            "len": 13,
            "nsites": 1274,
            "pwm": [
              [0.260599, 0.185405, 0.202704, 0.351292], 
              [0.0986119, 0.607172, 0.147908, 0.146308], 
              [0.154108, 0.577474, 0.000819559, 0.267599], 
              [0.046216, 0.426386, 0.521079, 0.00631913], 
              [0.964647, 0.0227156, 0.0063185, 0.0063185], 
              [0.000819479, 0.0102178, 0.00161934, 0.987343], 
              [0.237877, 0.479634, 0.000819479, 0.281669], 
              [0.280898, 0.2504, 0.131509, 0.337193], 
              [0.224602, 0.290297, 0.223002, 0.262099], 
              [0.2496, 0.2473, 0.223002, 0.280098], 
              [0.265272, 0.246476, 0.238677, 0.249575], 
              [0.271498, 0.2465, 0.198704, 0.283297], 
              [0.279298, 0.228502, 0.213603, 0.278598]
            ]
          }, {
            "db": 0,
            "id": "filter102",
            "len": 13,
            "nsites": 1432,
            "pwm": [
              [0.493683, 0.122609, 0.200603, 0.183105], 
              [0.0536191, 0.187323, 0.74654, 0.0125178], 
              [0.0139165, 0.165006, 0.468685, 0.352393], 
              [0.204003, 0.218002, 0.0592133, 0.518781], 
              [0.242301, 0.0648129, 0.39549, 0.297397], 
              [0.131608, 0.168506, 0.695669, 0.00421716], 
              [0.353093, 0.473484, 0.172705, 0.000717408], 
              [0.318927, 0.204724, 0.196423, 0.279926], 
              [0.2479, 0.226302, 0.2472, 0.278598], 
              [0.287597, 0.199903, 0.262499, 0.25], 
              [0.2521, 0.208903, 0.2514, 0.287597], 
              [0.2444, 0.211003, 0.288997, 0.2556], 
              [0.228402, 0.2528, 0.222102, 0.296697]
            ]
          }, {
            "db": 0,
            "id": "filter103",
            "len": 13,
            "nsites": 3405,
            "pwm": [
              [0.300099, 0.319698, 0.216201, 0.164003], 
              [0.126404, 0.671788, 0.192402, 0.00940707], 
              [0.182502, 0.434095, 0.080405, 0.302998], 
              [0.045206, 0.529492, 0.149003, 0.276299], 
              [0.110904, 0.811384, 0.0387062, 0.0390062], 
              [0.383096, 0.339997, 0.0161069, 0.2608], 
              [0.000307333, 0.280399, 0.718986, 0.000307333], 
              [0.222901, 0.321498, 0.2338, 0.221801], 
              [0.212701, 0.303298, 0.2537, 0.230301], 
              [0.193021, 0.307729, 0.227923, 0.271327], 
              [0.216201, 0.304798, 0.2332, 0.2458], 
              [0.189502, 0.331198, 0.223201, 0.2561], 
              [0.2511, 0.286899, 0.220901, 0.2411]
            ]
          }, {
            "db": 0,
            "id": "filter104",
            "len": 13,
            "nsites": 1226,
            "pwm": [
              [0.0171173, 0.0472118, 0.000820245, 0.934851], 
              [0.0561102, 0.143094, 0.560119, 0.240677], 
              [0.0732217, 0.552831, 0.283726, 0.0902221], 
              [0.476382, 0.288597, 0.0675149, 0.167507], 
              [0.37319, 0.195904, 0.120311, 0.310595], 
              [0.422744, 0.0220164, 0.225979, 0.329261], 
              [0.253674, 0.374752, 0.155292, 0.216281], 
              [0.338193, 0.213803, 0.13091, 0.317095], 
              [0.297566, 0.197585, 0.184587, 0.320262], 
              [0.306495, 0.205704, 0.215403, 0.272398], 
              [0.282097, 0.226002, 0.197604, 0.294296], 
              [0.299196, 0.206504, 0.204104, 0.290197], 
              [0.313795, 0.205704, 0.200804, 0.279698]
            ]
          }, {
            "db": 0,
            "id": "filter105",
            "len": 13,
            "nsites": 2347,
            "pwm": [
              [0.35516, 0.63712, 0.00431004, 0.00341017], 
              [0.153589, 0.835292, 0.00131047, 0.00980925], 
              [0.609024, 0.000910523, 0.388755, 0.00131047], 
              [0.0123101, 0.0213097, 0.886373, 0.0800072], 
              [0.000410634, 0.430892, 0.397694, 0.171003], 
              [0.000410634, 0.985969, 0.0013106, 0.0123101], 
              [0.191003, 0.354296, 0.000410634, 0.454291], 
              [0.205881, 0.231778, 0.28627, 0.276071], 
              [0.209302, 0.203302, 0.363695, 0.223701], 
              [0.276499, 0.234401, 0.261999, 0.227101], 
              [0.225878, 0.264973, 0.264973, 0.244176], 
              [0.2522, 0.202002, 0.225901, 0.319897], 
              [0.28287, 0.211381, 0.281171, 0.224579]
            ]
          }, {
            "db": 0,
            "id": "filter106",
            "len": 13,
            "nsites": 352,
            "pwm": [
              [0.0730576, 0.106751, 0.162941, 0.65725], 
              [0.00287021, 0.766753, 0.227506, 0.00287021], 
              [0.457795, 0.0562494, 0.247176, 0.238779], 
              [0.477435, 0.278092, 0.0506566, 0.193816], 
              [0.140431, 0.0169662, 0.758256, 0.0843471], 
              [0.00846946, 0.0140684, 0.943697, 0.0337648], 
              [0.042159, 0.0225646, 0.828536, 0.106741], 
              [0.280919, 0.202234, 0.323012, 0.193835], 
              [0.272494, 0.165724, 0.308983, 0.252799], 
              [0.289289, 0.233105, 0.241602, 0.236004], 
              [0.25, 0.21351, 0.292088, 0.244402], 
              [0.238803, 0.162925, 0.311782, 0.28649], 
              [0.238803, 0.207912, 0.292088, 0.261197]
            ]
          }, {
            "db": 0,
            "id": "filter107",
            "len": 13,
            "nsites": 890,
            "pwm": [
              [0.168909, 0.0481227, 0.0839187, 0.69905], 
              [0.086127, 0.00112807, 0.00112807, 0.911617], 
              [0.933923, 0.00112796, 0.0638209, 0.00112796], 
              [0.00112796, 0.00112796, 0.010127, 0.987617], 
              [0.600601, 0.353453, 0.00452713, 0.0414193], 
              [0.228202, 0.410482, 0.0503224, 0.310993], 
              [0.0380276, 0.352324, 0.182326, 0.427323], 
              [0.323292, 0.199106, 0.170009, 0.307594], 
              [0.271798, 0.199106, 0.203605, 0.325492], 
              [0.270698, 0.240501, 0.185707, 0.303094], 
              [0.286367, 0.214782, 0.18009, 0.31876], 
              [0.271798, 0.230402, 0.193506, 0.304294], 
              [0.273997, 0.203605, 0.174508, 0.347889]
            ]
          }, {
            "db": 0,
            "id": "filter108",
            "len": 13,
            "nsites": 2524,
            "pwm": [
              [0.230601, 0.287599, 0.0811067, 0.400694], 
              [0.0364085, 0.50829, 0.429993, 0.0253089], 
              [0.0356049, 0.0392044, 0.0222068, 0.902984], 
              [0.00200983, 0.00470972, 0.984171, 0.00910954], 
              [0.912574, 0.000809873, 0.000409889, 0.0862065], 
              [0.215601, 0.452492, 0.331497, 0.000409889], 
              [0.0949156, 0.738555, 0.16612, 0.000409929], 
              [0.297098, 0.286399, 0.0763069, 0.340196], 
              [0.280471, 0.263073, 0.203282, 0.253175], 
              [0.292298, 0.233801, 0.227101, 0.2468], 
              [0.2512, 0.215201, 0.252, 0.281599], 
              [0.254725, 0.210023, 0.306628, 0.228624], 
              [0.268199, 0.232601, 0.203702, 0.295498]
            ]
          }, {
            "db": 0,
            "id": "filter109",
            "len": 13,
            "nsites": 2079,
            "pwm": [
              [0.0346104, 0.184803, 0.229001, 0.551585], 
              [0.745502, 0.159388, 0.00581117, 0.0892988], 
              [0.266899, 0.404693, 0.327896, 0.000512], 
              [0.474789, 0.0187111, 0.00821163, 0.498288], 
              [0.00481179, 0.434491, 0.505488, 0.0552094], 
              [0.0816081, 0.132006, 0.542986, 0.2434], 
              [0.0509096, 0.638981, 0.305297, 0.00481179], 
              [0.359595, 0.225601, 0.150305, 0.264499], 
              [0.221301, 0.239101, 0.296698, 0.2429], 
              [0.2477, 0.2602, 0.273199, 0.218901], 
              [0.296698, 0.211702, 0.231401, 0.2602], 
              [0.236677, 0.241976, 0.246775, 0.274571], 
              [0.224201, 0.315897, 0.210302, 0.2496]
            ]
          }, {
            "db": 0,
            "id": "filter11",
            "len": 13,
            "nsites": 1226,
            "pwm": [
              [0.541422, 0.0756067, 0.191086, 0.191886], 
              [0.203283, 0.0252158, 0.591013, 0.180488], 
              [0.264999, 0.337393, 0.379689, 0.0179189], 
              [0.00242019, 0.378889, 0.0927128, 0.525977], 
              [0.169107, 0.0813138, 0.718662, 0.0309179], 
              [0.0146192, 0.0350175, 0.647968, 0.302396], 
              [0.0390172, 0.805655, 0.00162026, 0.153708], 
              [0.300026, 0.264225, 0.133323, 0.302426], 
              [0.217103, 0.232501, 0.306495, 0.2439], 
              [0.234978, 0.256874, 0.254474, 0.253674], 
              [0.227625, 0.245525, 0.288626, 0.238225], 
              [0.2545, 0.226002, 0.283697, 0.235801], 
              [0.230102, 0.269098, 0.252, 0.2488]
            ]
          }, {
            "db": 0,
            "id": "filter110",
            "len": 13,
            "nsites": 1194,
            "pwm": [
              [0.525877, 0.00922017, 0.337193, 0.12771], 
              [0.0192174, 0.136096, 0.758682, 0.0860051], 
              [0.421486, 0.0401176, 0.116011, 0.422386], 
              [0.0626094, 0.174489, 0.239577, 0.523325], 
              [0.0868223, 0.642731, 0.247925, 0.0225213], 
              [0.172806, 0.0643156, 0.0150197, 0.747858], 
              [0.0334181, 0.119411, 0.358091, 0.48908], 
              [0.2504, 0.217003, 0.256299, 0.276298], 
              [0.287097, 0.210403, 0.257099, 0.2454], 
              [0.267899, 0.220402, 0.207004, 0.304695], 
              [0.256274, 0.206183, 0.272971, 0.264572], 
              [0.278798, 0.2479, 0.192005, 0.281297], 
              [0.259599, 0.2462, 0.237101, 0.257099]
            ]
          }, {
            "db": 0,
            "id": "filter111",
            "len": 13,
            "nsites": 1944,
            "pwm": [
              [0.219202, 0.198203, 0.381893, 0.200703], 
              [0.212502, 0.590882, 0.0986078, 0.0980078], 
              [0.2556, 0.0236116, 0.206902, 0.513886], 
              [0.0780166, 0.0893172, 0.678646, 0.15402], 
              [0.186303, 0.336196, 0.352195, 0.125306], 
              [0.102697, 0.425048, 0.227878, 0.244376], 
              [0.0154136, 0.893256, 0.00561313, 0.085717], 
              [0.338795, 0.232001, 0.115007, 0.314197], 
              [0.208402, 0.2541, 0.308497, 0.229001], 
              [0.264873, 0.252075, 0.253574, 0.229478], 
              [0.285927, 0.235624, 0.227924, 0.250525], 
              [0.226401, 0.238201, 0.2515, 0.283898], 
              [0.238724, 0.266426, 0.259225, 0.235624]
            ]
          }, {
            "db": 0,
            "id": "filter112",
            "len": 13,
            "nsites": 999,
            "pwm": [
              [0.160509, 0.380887, 0.173508, 0.285096], 
              [0.023925, 0.267225, 0.585225, 0.123625], 
              [0.148595, 0.0788093, 0.47453, 0.298065], 
              [0.019925, 0.161525, 0.593225, 0.225325], 
              [0.138611, 0.218303, 0.529372, 0.113714], 
              [0.123625, 0.025925, 0.628125, 0.222325], 
              [0.0429207, 0.0189231, 0.922133, 0.0160234], 
              [0.2483, 0.2532, 0.261199, 0.237301], 
              [0.268198, 0.195405, 0.299095, 0.237301], 
              [0.272171, 0.181489, 0.337957, 0.208383], 
              [0.278169, 0.249275, 0.247276, 0.22528], 
              [0.236301, 0.210404, 0.2512, 0.302095], 
              [0.270198, 0.237301, 0.273198, 0.219303]
            ]
          }, {
            "db": 0,
            "id": "filter113",
            "len": 13,
            "nsites": 3131,
            "pwm": [
              [0.0128076, 0.927878, 0.000307975, 0.0590061], 
              [0.56239, 0.0156075, 0.0223073, 0.399695], 
              [0.000307975, 0.145803, 0.631888, 0.222001], 
              [0.701086, 0.0581061, 0.143203, 0.0976049], 
              [0.213423, 0.116716, 0.669554, 0.000308005], 
              [0.335231, 0.270826, 0.259026, 0.134917], 
              [0.390396, 0.0108076, 0.481693, 0.117104], 
              [0.290899, 0.223001, 0.279699, 0.206401], 
              [0.262826, 0.265726, 0.233824, 0.237624], 
              [0.298569, 0.205081, 0.248175, 0.248175], 
              [0.306529, 0.205122, 0.230924, 0.257426], 
              [0.270199, 0.215001, 0.286399, 0.228401], 
              [0.291199, 0.209601, 0.2526, 0.2466]
            ]
          }, {
            "db": 0,
            "id": "filter114",
            "len": 13,
            "nsites": 1271,
            "pwm": [
              [0.106701, 0.0455115, 0.00631854, 0.841469], 
              [0.95534, 0.0227202, 0.0125199, 0.00941987], 
              [0.0769136, 0.00781905, 0.00941893, 0.905848], 
              [0.554421, 0.0620086, 0.211782, 0.171789], 
              [0.0227202, 0.143523, 0.369428, 0.46433], 
              [0.294867, 0.345858, 0.282369, 0.0769059], 
              [0.11761, 0.417287, 0.272198, 0.192904], 
              [0.37099, 0.200804, 0.153708, 0.274498], 
              [0.307495, 0.197604, 0.183505, 0.311395], 
              [0.343493, 0.200804, 0.186705, 0.268999], 
              [0.300396, 0.180405, 0.203904, 0.315295], 
              [0.313695, 0.224302, 0.206303, 0.2557], 
              [0.274498, 0.219602, 0.200804, 0.305096]
            ]
          }, {
            "db": 0,
            "id": "filter115",
            "len": 13,
            "nsites": 2005,
            "pwm": [
              [0.203602, 0.376794, 0.405692, 0.0139118], 
              [0.230501, 0.0612094, 0.327496, 0.380793], 
              [0.260299, 0.471389, 0.265799, 0.00251234], 
              [0.297698, 0.167704, 0.2499, 0.284698], 
              [0.0269111, 0.0164117, 0.515687, 0.44099], 
              [0.0179134, 0.264326, 0.0602155, 0.657545], 
              [0.00901112, 0.669912, 0.273771, 0.0473054], 
              [0.320596, 0.2449, 0.145805, 0.288698], 
              [0.2449, 0.274799, 0.2404, 0.239901], 
              [0.241376, 0.251375, 0.276271, 0.230978], 
              [0.311597, 0.215502, 0.2434, 0.229501], 
              [0.226001, 0.2489, 0.2563, 0.268799], 
              [0.2404, 0.269299, 0.2578, 0.232501]
            ]
          }, {
            "db": 0,
            "id": "filter116",
            "len": 13,
            "nsites": 2111,
            "pwm": [
              [0.00661153, 0.000511818, 0.000511818, 0.992365], 
              [0.969763, 0.000511868, 0.00091189, 0.0288134], 
              [0.0728084, 0.000511818, 0.000511818, 0.926168], 
              [0.220801, 0.100707, 0.125306, 0.553186], 
              [0.254374, 0.14849, 0.14519, 0.451945], 
              [0.109207, 0.175404, 0.348495, 0.366894], 
              [0.374032, 0.200922, 0.104017, 0.321029], 
              [0.340896, 0.167404, 0.175404, 0.316297], 
              [0.34093, 0.16122, 0.173521, 0.324329], 
              [0.282698, 0.195703, 0.181603, 0.339996], 
              [0.316797, 0.174004, 0.172104, 0.337096], 
              [0.295498, 0.184403, 0.174004, 0.346095], 
              [0.309197, 0.177803, 0.184403, 0.328596]
            ]
          }, {
            "db": 0,
            "id": "filter117",
            "len": 13,
            "nsites": 1746,
            "pwm": [
              [0.0491115, 0.0469116, 0.375993, 0.527984], 
              [0.196003, 0.295997, 0.494886, 0.0131136], 
              [0.627378, 0.092609, 0.279398, 0.000614283], 
              [0.224001, 0.252, 0.00801386, 0.515985], 
              [0.101708, 0.190303, 0.0977087, 0.610279], 
              [0.000614283, 0.981058, 0.00631396, 0.0120136], 
              [0.0240129, 0.137706, 0.156605, 0.681675], 
              [0.209102, 0.222302, 0.313696, 0.2549], 
              [0.230878, 0.204582, 0.28167, 0.28287], 
              [0.222902, 0.294897, 0.229101, 0.2531], 
              [0.245725, 0.245125, 0.229124, 0.280026], 
              [0.248575, 0.271972, 0.206882, 0.272571], 
              [0.216002, 0.295397, 0.194903, 0.293697]
            ]
          }, {
            "db": 0,
            "id": "filter118",
            "len": 13,
            "nsites": 1695,
            "pwm": [
              [0.597979, 0.0865096, 0.0177137, 0.297797], 
              [0.444944, 0.0418081, 0.496136, 0.017112], 
              [0.153606, 0.00411451, 0.829866, 0.012414], 
              [0.00241437, 0.832182, 0.137693, 0.0277103], 
              [0.189523, 0.0724177, 0.338429, 0.399631], 
              [0.00291458, 0.517984, 0.469687, 0.00941419], 
              [0.0842098, 0.397891, 0.0306129, 0.487286], 
              [0.219002, 0.199503, 0.314896, 0.266599], 
              [0.2537, 0.213102, 0.301897, 0.231301], 
              [0.175404, 0.296597, 0.258999, 0.268999], 
              [0.255425, 0.261925, 0.210723, 0.271926], 
              [0.233701, 0.216002, 0.305497, 0.2448], 
              [0.220724, 0.271926, 0.230724, 0.276626]
            ]
          }, {
            "db": 0,
            "id": "filter119",
            "len": 13,
            "nsites": 1618,
            "pwm": [
              [0.000615413, 0.00431518, 0.977755, 0.0173144], 
              [0.0536121, 0.361293, 0.331095, 0.254], 
              [0.323663, 0.368056, 0.123296, 0.184986], 
              [0.188004, 0.189304, 0.317496, 0.305197], 
              [0.333495, 0.0524122, 0.41989, 0.194203], 
              [0.00491564, 0.0450172, 0.934051, 0.0160161], 
              [0.0197142, 0.814365, 0.159106, 0.00681503], 
              [0.314996, 0.266999, 0.110409, 0.307596], 
              [0.246, 0.226901, 0.283598, 0.2435], 
              [0.2491, 0.230601, 0.287298, 0.233001], 
              [0.224402, 0.2429, 0.305197, 0.227501], 
              [0.249075, 0.223779, 0.260173, 0.266972], 
              [0.230624, 0.233024, 0.292227, 0.244125]
            ]
          }, {
            "db": 0,
            "id": "filter12",
            "len": 13,
            "nsites": 1864,
            "pwm": [
              [0.327063, 0.0979984, 0.573825, 0.00111324], 
              [0.181522, 0.467335, 0.253725, 0.0974179], 
              [0.233401, 0.0573103, 0.0567104, 0.652578], 
              [0.0337116, 0.43629, 0.528385, 0.00161333], 
              [0.955562, 0.000513384, 0.00861295, 0.0353115], 
              [0.00371321, 0.159005, 0.81047, 0.026812], 
              [0.653578, 0.228601, 0.025712, 0.0921085], 
              [0.28427, 0.211481, 0.232878, 0.271372], 
              [0.311597, 0.209302, 0.222701, 0.2564], 
              [0.280998, 0.218402, 0.237201, 0.263399], 
              [0.283698, 0.177204, 0.266599, 0.272499], 
              [0.2564, 0.204002, 0.2548, 0.284798], 
              [0.274126, 0.210923, 0.233924, 0.281026]
            ]
          }, {
            "db": 0,
            "id": "filter120",
            "len": 13,
            "nsites": 1345,
            "pwm": [
              [0.235725, 0.132722, 0.0400196, 0.591534], 
              [0.000718534, 0.000718534, 0.51818, 0.480383], 
              [0.38549, 0.38699, 0.226802, 0.000718534], 
              [0.000718604, 0.112721, 0.000718604, 0.885841], 
              [0.158623, 0.43813, 0.0778206, 0.325427], 
              [0.686368, 0.0608141, 0.0400156, 0.212803], 
              [0.303196, 0.0771129, 0.575176, 0.0445153], 
              [0.290597, 0.228302, 0.232801, 0.2483], 
              [0.291297, 0.229102, 0.210503, 0.269099], 
              [0.287597, 0.226802, 0.211303, 0.274298], 
              [0.280926, 0.219424, 0.200924, 0.298726], 
              [0.267599, 0.215003, 0.217202, 0.300196], 
              [0.268325, 0.220924, 0.203124, 0.307626]
            ]
          }, {
            "db": 0,
            "id": "filter121",
            "len": 13,
            "nsites": 2121,
            "pwm": [
              [0.0993071, 0.490389, 0.372694, 0.03761], 
              [0.0842078, 0.810374, 0.0555092, 0.0499094], 
              [0.831473, 0.000511763, 0.00521154, 0.162804], 
              [0.0951073, 0.0155111, 0.88887, 0.000511763], 
              [0.000911744, 0.45459, 0.496488, 0.0480095], 
              [0.00471109, 0.981067, 0.0118101, 0.00241143], 
              [0.129906, 0.152505, 0.142105, 0.575485], 
              [0.15152, 0.239524, 0.405633, 0.203323], 
              [0.257425, 0.207523, 0.34823, 0.186822], 
              [0.206602, 0.210802, 0.353895, 0.228701], 
              [0.197202, 0.283798, 0.268199, 0.2508], 
              [0.208502, 0.234801, 0.268699, 0.287998], 
              [0.269626, 0.228224, 0.261226, 0.240925]
            ]
          }, {
            "db": 0,
            "id": "filter122",
            "len": 13,
            "nsites": 572,
            "pwm": [
              [0.0191404, 0.975573, 0.0017434, 0.00354309], 
              [0.855794, 0.0295385, 0.0990264, 0.015641], 
              [0.30556, 0.0365337, 0.262172, 0.395735], 
              [0.215306, 0.53815, 0.244801, 0.0017434], 
              [0.189211, 0.0451358, 0.0799297, 0.685724], 
              [0.00524331, 0.00694318, 0.779485, 0.208328], 
              [0.111124, 0.0243395, 0.796804, 0.0677319], 
              [0.246501, 0.227404, 0.324687, 0.201408], 
              [0.265597, 0.225704, 0.224005, 0.284694], 
              [0.279523, 0.227427, 0.260424, 0.232626], 
              [0.26737, 0.234379, 0.236079, 0.262172], 
              [0.272596, 0.269097, 0.222205, 0.236102], 
              [0.296892, 0.213506, 0.230903, 0.258698]
            ]
          }, {
            "db": 0,
            "id": "filter123",
            "len": 13,
            "nsites": 972,
            "pwm": [
              [0.293025, 0.143425, 0.324825, 0.238725], 
              [0.00822569, 0.393425, 0.255125, 0.343225], 
              [0.0779177, 0.0768178, 0.554269, 0.290996], 
              [0.0605195, 0.00202551, 0.755048, 0.182407], 
              [0.108615, 0.110714, 0.454879, 0.325792], 
              [0.0543201, 0.00102561, 0.827841, 0.116814], 
              [0.771524, 0.00202571, 0.212125, 0.0143257], 
              [0.276597, 0.200805, 0.311494, 0.211104], 
              [0.298195, 0.204905, 0.2459, 0.251], 
              [0.279697, 0.216203, 0.234602, 0.269498], 
              [0.280697, 0.215204, 0.262299, 0.241801], 
              [0.263299, 0.200805, 0.258199, 0.277697], 
              [0.257174, 0.217182, 0.289967, 0.235678]
            ]
          }, {
            "db": 0,
            "id": "filter124",
            "len": 13,
            "nsites": 524,
            "pwm": [
              [0.00384698, 0.0833318, 0.7745, 0.138321], 
              [0.520748, 0.189412, 0.287893, 0.00194734], 
              [0.153418, 0.0208437, 0.231104, 0.594634], 
              [0.132622, 0.761302, 0.0871311, 0.0189441], 
              [0.138307, 0.0246405, 0.54349, 0.293562], 
              [0.0568369, 0.693115, 0.0473387, 0.202709], 
              [0.0322383, 0.0398361, 0.918381, 0.00954494], 
              [0.391973, 0.202709, 0.25, 0.155318], 
              [0.2519, 0.236703, 0.253799, 0.257599], 
              [0.19511, 0.30299, 0.272696, 0.229204], 
              [0.170498, 0.219684, 0.261372, 0.348446], 
              [0.153434, 0.435608, 0.172332, 0.238626], 
              [0.2481, 0.312488, 0.221605, 0.217806]
            ]
          }, {
            "db": 0,
            "id": "filter125",
            "len": 13,
            "nsites": 1110,
            "pwm": [
              [0.0117215, 0.00812179, 0.608568, 0.371589], 
              [0.906541, 0.000922439, 0.0413188, 0.0512179], 
              [0.237001, 0.00722187, 0.754855, 0.000922439], 
              [0.142724, 0.123924, 0.0601231, 0.673229], 
              [0.232502, 0.000922439, 0.331193, 0.435383], 
              [0.00542149, 0.555617, 0.209183, 0.229779], 
              [0.0224227, 0.228025, 0.251325, 0.498227], 
              [0.224402, 0.201104, 0.221703, 0.352791], 
              [0.239677, 0.201984, 0.244176, 0.314163], 
              [0.267525, 0.229825, 0.251325, 0.251325], 
              [0.257599, 0.221703, 0.2478, 0.272898], 
              [0.278297, 0.227102, 0.214503, 0.280097], 
              [0.271998, 0.217203, 0.184906, 0.325893]
            ]
          }, {
            "db": 0,
            "id": "filter126",
            "len": 13,
            "nsites": 495,
            "pwm": [
              [0.00205009, 0.0200465, 0.0381428, 0.939761], 
              [0.028142, 0.931669, 0.0140463, 0.0261426], 
              [0.228504, 0.062138, 0.0942315, 0.615126], 
              [0.0160457, 0.376737, 0.575077, 0.0321408], 
              [0.112228, 0.338682, 0.35068, 0.19841], 
              [0.136323, 0.470855, 0.362677, 0.0301444], 
              [0.10424, 0.356714, 0.372712, 0.166334], 
              [0.310588, 0.194411, 0.234503, 0.260498], 
              [0.170316, 0.408768, 0.188412, 0.232504], 
              [0.270523, 0.262524, 0.19843, 0.268523], 
              [0.176415, 0.286593, 0.266497, 0.270496], 
              [0.174333, 0.370713, 0.172333, 0.282622], 
              [0.328684, 0.178414, 0.324585, 0.168317]
            ]
          }, {
            "db": 0,
            "id": "filter127",
            "len": 13,
            "nsites": 1444,
            "pwm": [
              [0.509682, 0.233401, 0.140908, 0.116009], 
              [0.182323, 0.225824, 0.565635, 0.0262181], 
              [0.224424, 0.645737, 0.08702, 0.0428186], 
              [0.281098, 0.654672, 0.0635129, 0.000717263], 
              [0.00691683, 0.982649, 0.00691683, 0.00351707], 
              [0.883256, 0.00211717, 0.11051, 0.00411703], 
              [0.0366148, 0.140908, 0.696769, 0.125709], 
              [0.2486, 0.374991, 0.192704, 0.183705], 
              [0.214102, 0.305196, 0.198204, 0.282498], 
              [0.301127, 0.246525, 0.210624, 0.241725], 
              [0.301096, 0.2521, 0.210603, 0.236201], 
              [0.224424, 0.234125, 0.226524, 0.314927], 
              [0.232024, 0.236925, 0.202324, 0.328727]
            ]
          }, {
            "db": 0,
            "id": "filter128",
            "len": 13,
            "nsites": 1320,
            "pwm": [
              [0.211503, 0.154107, 0.306596, 0.327794], 
              [0.149523, 0.0498201, 0.716836, 0.083821], 
              [0.318727, 0.168423, 0.44863, 0.0642205], 
              [0.397289, 0.0566147, 0.447885, 0.0982115], 
              [0.0340164, 0.0370161, 0.91615, 0.012818], 
              [0.0869037, 0.0144164, 0.843571, 0.0551093], 
              [0.0884034, 0.724992, 0.0650075, 0.121598], 
              [0.350457, 0.218281, 0.175988, 0.255274], 
              [0.209982, 0.193385, 0.39195, 0.204683], 
              [0.282498, 0.217502, 0.281698, 0.218302], 
              [0.227302, 0.211503, 0.374591, 0.186605], 
              [0.241701, 0.225802, 0.329294, 0.203204], 
              [0.216803, 0.221302, 0.293797, 0.268099]
            ]
          }, {
            "db": 0,
            "id": "filter129",
            "len": 13,
            "nsites": 2043,
            "pwm": [
              [0.192503, 0.263799, 0.104507, 0.439191], 
              [0.285798, 0.273099, 0.330196, 0.110907], 
              [0.324896, 0.00441202, 0.327296, 0.343395], 
              [0.0127103, 0.00201194, 0.966668, 0.0186095], 
              [0.995964, 0.000512162, 0.00201194, 0.00151201], 
              [0.000512212, 0.000512212, 0.00341207, 0.995564], 
              [0.253525, 0.0322139, 0.000512262, 0.713749], 
              [0.376594, 0.162204, 0.179303, 0.281898], 
              [0.2438, 0.295998, 0.171504, 0.288698], 
              [0.385393, 0.170504, 0.196903, 0.2472], 
              [0.259874, 0.180785, 0.294568, 0.264773], 
              [0.264299, 0.212502, 0.284298, 0.238901], 
              [0.293598, 0.2516, 0.168504, 0.286298]
            ]
          }, {
            "db": 0,
            "id": "filter13",
            "len": 13,
            "nsites": 2013,
            "pwm": [
              [0.00641274, 0.0674158, 0.800253, 0.125919], 
              [0.000512394, 0.927566, 0.0169116, 0.0550097], 
              [0.0352107, 0.962765, 0.00151234, 0.000512394], 
              [0.703977, 0.0709089, 0.0045122, 0.220601], 
              [0.088208, 0.310397, 0.555785, 0.0456102], 
              [0.263299, 0.44519, 0.0773086, 0.214202], 
              [0.187903, 0.622681, 0.146305, 0.0431103], 
              [0.311397, 0.266199, 0.142805, 0.279599], 
              [0.2439, 0.261799, 0.266699, 0.227601], 
              [0.2484, 0.280099, 0.231001, 0.2405], 
              [0.2598, 0.271699, 0.2504, 0.218102], 
              [0.268699, 0.271199, 0.202802, 0.2573], 
              [0.2568, 0.225101, 0.274699, 0.2434]
            ]
          }, {
            "db": 0,
            "id": "filter130",
            "len": 13,
            "nsites": 771,
            "pwm": [
              [0.659347, 0.145814, 0.169011, 0.0258291], 
              [0.579357, 0.316091, 0.0155304, 0.0890209], 
              [0.00263208, 0.828325, 0.167711, 0.00133225], 
              [0.0168302, 0.0142306, 0.375484, 0.593455], 
              [0.00133225, 0.356086, 0.188408, 0.454174], 
              [0.09552, 0.501867, 0.228403, 0.17421], 
              [0.0490261, 0.602554, 0.282596, 0.0658239], 
              [0.228403, 0.308392, 0.185808, 0.277396], 
              [0.218104, 0.261898, 0.269697, 0.2503], 
              [0.229703, 0.288995, 0.225803, 0.255499], 
              [0.206485, 0.265771, 0.206485, 0.321259], 
              [0.211626, 0.316123, 0.193527, 0.278724], 
              [0.2477, 0.282596, 0.214205, 0.255499]
            ]
          }, {
            "db": 0,
            "id": "filter131",
            "len": 13,
            "nsites": 2011,
            "pwm": [
              [0.469489, 0.169204, 0.261499, 0.0998075], 
              [0.280398, 0.398493, 0.143405, 0.177704], 
              [0.164288, 0.522534, 0.279871, 0.0333074], 
              [0.560285, 0.0218113, 0.0154117, 0.402492], 
              [0.0298109, 0.00941196, 0.00551216, 0.955265], 
              [0.992063, 0.000512406, 0.00691209, 0.000512406], 
              [0.723576, 0.0784085, 0.0873081, 0.110707], 
              [0.407433, 0.15532, 0.182122, 0.255125], 
              [0.366294, 0.168704, 0.171204, 0.293798], 
              [0.342395, 0.178204, 0.180603, 0.298798], 
              [0.349395, 0.188103, 0.167704, 0.294798], 
              [0.343395, 0.190103, 0.179703, 0.286798], 
              [0.34093, 0.167721, 0.183622, 0.307728]
            ]
          }, {
            "db": 0,
            "id": "filter132",
            "len": 13,
            "nsites": 836,
            "pwm": [
              [0.452376, 0.359487, 0.0833199, 0.104817], 
              [0.491671, 0.142913, 0.182108, 0.183308], 
              [0.241701, 0.219004, 0.279796, 0.259499], 
              [0.0488241, 0.200006, 0.495171, 0.255999], 
              [0.0595287, 0.096428, 0.407122, 0.436921], 
              [0.48812, 0.382122, 0.045229, 0.0845282], 
              [0.16431, 0.621356, 0.204805, 0.00952876], 
              [0.283296, 0.213104, 0.147612, 0.355987], 
              [0.210684, 0.240477, 0.305963, 0.242877], 
              [0.272597, 0.215504, 0.266698, 0.245201], 
              [0.263072, 0.267871, 0.238078, 0.230979], 
              [0.240477, 0.299964, 0.22858, 0.230979], 
              [0.251175, 0.230979, 0.238078, 0.279768]
            ]
          }, {
            "db": 0,
            "id": "filter133",
            "len": 13,
            "nsites": 1476,
            "pwm": [
              [0.182405, 0.0149159, 0.591177, 0.211503], 
              [0.128408, 0.263499, 0.225002, 0.383091], 
              [0.0676056, 0.0162142, 0.0541079, 0.862072], 
              [0.804062, 0.0486136, 0.000716889, 0.146607], 
              [0.764089, 0.131795, 0.0730047, 0.0311117], 
              [0.322963, 0.176387, 0.383053, 0.117597], 
              [0.292597, 0.0115162, 0.0797115, 0.616175], 
              [0.265499, 0.184504, 0.277698, 0.272298], 
              [0.308096, 0.187804, 0.231801, 0.272298], 
              [0.290497, 0.201403, 0.240501, 0.267599], 
              [0.345294, 0.156806, 0.210103, 0.287797], 
              [0.314896, 0.177705, 0.2554, 0.252], 
              [0.299997, 0.177005, 0.2453, 0.277698]
            ]
          }, {
            "db": 0,
            "id": "filter134",
            "len": 13,
            "nsites": 893,
            "pwm": [
              [0.0156262, 0.0502224, 0.920725, 0.0134265], 
              [0.0691203, 0.667753, 0.148311, 0.114815], 
              [0.0524221, 0.284296, 0.0992169, 0.564065], 
              [0.362324, 0.430323, 0.131526, 0.0758271], 
              [0.64992, 0.0379275, 0.0769271, 0.235225], 
              [0.062421, 0.00452749, 0.798139, 0.134913], 
